

!BEGIN STANDARDFEM 1


!dimensions
! ndf ndm
!   1   2


nodes
! id    X     Y      Z
    1 	     0.000000 	     0.000000 
    2 	     0.050000 	     0.000000 
    3 	     0.100000 	     0.000000 
    4 	     0.150000 	     0.000000 
    5 	     0.200000 	     0.000000 
    6 	     0.250000 	     0.000000 
    7 	     0.300000 	     0.000000 
    8 	     0.350000 	     0.000000 
    9 	     0.400000 	     0.000000 
   10 	     0.450000 	     0.000000 
   11 	     0.500000 	     0.000000 
   12 	     0.550000 	     0.000000 
   13 	     0.600000 	     0.000000 
   14 	     0.650000 	     0.000000 
   15 	     0.700000 	     0.000000 
   16 	     0.750000 	     0.000000 
   17 	     0.800000 	     0.000000 
   18 	     0.850000 	     0.000000 
   19 	     0.900000 	     0.000000 
   20 	     0.950000 	     0.000000 
   21 	     1.000000 	     0.000000 
   22 	     0.000000 	     0.050000 
   23 	     0.050000 	     0.050000 
   24 	     0.100000 	     0.050000 
   25 	     0.150000 	     0.050000 
   26 	     0.200000 	     0.050000 
   27 	     0.250000 	     0.050000 
   28 	     0.300000 	     0.050000 
   29 	     0.350000 	     0.050000 
   30 	     0.400000 	     0.050000 
   31 	     0.450000 	     0.050000 
   32 	     0.500000 	     0.050000 
   33 	     0.550000 	     0.050000 
   34 	     0.600000 	     0.050000 
   35 	     0.650000 	     0.050000 
   36 	     0.700000 	     0.050000 
   37 	     0.750000 	     0.050000 
   38 	     0.800000 	     0.050000 
   39 	     0.850000 	     0.050000 
   40 	     0.900000 	     0.050000 
   41 	     0.950000 	     0.050000 
   42 	     1.000000 	     0.050000 
   43 	     0.000000 	     0.100000 
   44 	     0.050000 	     0.100000 
   45 	     0.100000 	     0.100000 
   46 	     0.150000 	     0.100000 
   47 	     0.200000 	     0.100000 
   48 	     0.250000 	     0.100000 
   49 	     0.300000 	     0.100000 
   50 	     0.350000 	     0.100000 
   51 	     0.400000 	     0.100000 
   52 	     0.450000 	     0.100000 
   53 	     0.500000 	     0.100000 
   54 	     0.550000 	     0.100000 
   55 	     0.600000 	     0.100000 
   56 	     0.650000 	     0.100000 
   57 	     0.700000 	     0.100000 
   58 	     0.750000 	     0.100000 
   59 	     0.800000 	     0.100000 
   60 	     0.850000 	     0.100000 
   61 	     0.900000 	     0.100000 
   62 	     0.950000 	     0.100000 
   63 	     1.000000 	     0.100000 
   64 	     0.000000 	     0.150000 
   65 	     0.050000 	     0.150000 
   66 	     0.100000 	     0.150000 
   67 	     0.150000 	     0.150000 
   68 	     0.200000 	     0.150000 
   69 	     0.250000 	     0.150000 
   70 	     0.300000 	     0.150000 
   71 	     0.350000 	     0.150000 
   72 	     0.400000 	     0.150000 
   73 	     0.450000 	     0.150000 
   74 	     0.500000 	     0.150000 
   75 	     0.550000 	     0.150000 
   76 	     0.600000 	     0.150000 
   77 	     0.650000 	     0.150000 
   78 	     0.700000 	     0.150000 
   79 	     0.750000 	     0.150000 
   80 	     0.800000 	     0.150000 
   81 	     0.850000 	     0.150000 
   82 	     0.900000 	     0.150000 
   83 	     0.950000 	     0.150000 
   84 	     1.000000 	     0.150000 
   85 	     0.000000 	     0.200000 
   86 	     0.050000 	     0.200000 
   87 	     0.100000 	     0.200000 
   88 	     0.150000 	     0.200000 
   89 	     0.200000 	     0.200000 
   90 	     0.250000 	     0.200000 
   91 	     0.300000 	     0.200000 
   92 	     0.350000 	     0.200000 
   93 	     0.400000 	     0.200000 
   94 	     0.450000 	     0.200000 
   95 	     0.500000 	     0.200000 
   96 	     0.550000 	     0.200000 
   97 	     0.600000 	     0.200000 
   98 	     0.650000 	     0.200000 
   99 	     0.700000 	     0.200000 
  100 	     0.750000 	     0.200000 
  101 	     0.800000 	     0.200000 
  102 	     0.850000 	     0.200000 
  103 	     0.900000 	     0.200000 
  104 	     0.950000 	     0.200000 
  105 	     1.000000 	     0.200000 
  106 	     0.000000 	     0.250000 
  107 	     0.050000 	     0.250000 
  108 	     0.100000 	     0.250000 
  109 	     0.150000 	     0.250000 
  110 	     0.200000 	     0.250000 
  111 	     0.250000 	     0.250000 
  112 	     0.300000 	     0.250000 
  113 	     0.350000 	     0.250000 
  114 	     0.400000 	     0.250000 
  115 	     0.450000 	     0.250000 
  116 	     0.500000 	     0.250000 
  117 	     0.550000 	     0.250000 
  118 	     0.600000 	     0.250000 
  119 	     0.650000 	     0.250000 
  120 	     0.700000 	     0.250000 
  121 	     0.750000 	     0.250000 
  122 	     0.800000 	     0.250000 
  123 	     0.850000 	     0.250000 
  124 	     0.900000 	     0.250000 
  125 	     0.950000 	     0.250000 
  126 	     1.000000 	     0.250000 
  127 	     0.000000 	     0.300000 
  128 	     0.050000 	     0.300000 
  129 	     0.100000 	     0.300000 
  130 	     0.150000 	     0.300000 
  131 	     0.200000 	     0.300000 
  132 	     0.250000 	     0.300000 
  133 	     0.300000 	     0.300000 
  134 	     0.350000 	     0.300000 
  135 	     0.400000 	     0.300000 
  136 	     0.450000 	     0.300000 
  137 	     0.500000 	     0.300000 
  138 	     0.550000 	     0.300000 
  139 	     0.600000 	     0.300000 
  140 	     0.650000 	     0.300000 
  141 	     0.700000 	     0.300000 
  142 	     0.750000 	     0.300000 
  143 	     0.800000 	     0.300000 
  144 	     0.850000 	     0.300000 
  145 	     0.900000 	     0.300000 
  146 	     0.950000 	     0.300000 
  147 	     1.000000 	     0.300000 
  148 	     0.000000 	     0.350000 
  149 	     0.050000 	     0.350000 
  150 	     0.100000 	     0.350000 
  151 	     0.150000 	     0.350000 
  152 	     0.200000 	     0.350000 
  153 	     0.250000 	     0.350000 
  154 	     0.300000 	     0.350000 
  155 	     0.350000 	     0.350000 
  156 	     0.400000 	     0.350000 
  157 	     0.450000 	     0.350000 
  158 	     0.500000 	     0.350000 
  159 	     0.550000 	     0.350000 
  160 	     0.600000 	     0.350000 
  161 	     0.650000 	     0.350000 
  162 	     0.700000 	     0.350000 
  163 	     0.750000 	     0.350000 
  164 	     0.800000 	     0.350000 
  165 	     0.850000 	     0.350000 
  166 	     0.900000 	     0.350000 
  167 	     0.950000 	     0.350000 
  168 	     1.000000 	     0.350000 
  169 	     0.000000 	     0.400000 
  170 	     0.050000 	     0.400000 
  171 	     0.100000 	     0.400000 
  172 	     0.150000 	     0.400000 
  173 	     0.200000 	     0.400000 
  174 	     0.250000 	     0.400000 
  175 	     0.300000 	     0.400000 
  176 	     0.350000 	     0.400000 
  177 	     0.400000 	     0.400000 
  178 	     0.450000 	     0.400000 
  179 	     0.500000 	     0.400000 
  180 	     0.550000 	     0.400000 
  181 	     0.600000 	     0.400000 
  182 	     0.650000 	     0.400000 
  183 	     0.700000 	     0.400000 
  184 	     0.750000 	     0.400000 
  185 	     0.800000 	     0.400000 
  186 	     0.850000 	     0.400000 
  187 	     0.900000 	     0.400000 
  188 	     0.950000 	     0.400000 
  189 	     1.000000 	     0.400000 
  190 	     0.000000 	     0.450000 
  191 	     0.050000 	     0.450000 
  192 	     0.100000 	     0.450000 
  193 	     0.150000 	     0.450000 
  194 	     0.200000 	     0.450000 
  195 	     0.250000 	     0.450000 
  196 	     0.300000 	     0.450000 
  197 	     0.350000 	     0.450000 
  198 	     0.400000 	     0.450000 
  199 	     0.450000 	     0.450000 
  200 	     0.500000 	     0.450000 
  201 	     0.550000 	     0.450000 
  202 	     0.600000 	     0.450000 
  203 	     0.650000 	     0.450000 
  204 	     0.700000 	     0.450000 
  205 	     0.750000 	     0.450000 
  206 	     0.800000 	     0.450000 
  207 	     0.850000 	     0.450000 
  208 	     0.900000 	     0.450000 
  209 	     0.950000 	     0.450000 
  210 	     1.000000 	     0.450000 
  211 	     0.000000 	     0.500000 
  212 	     0.050000 	     0.500000 
  213 	     0.100000 	     0.500000 
  214 	     0.150000 	     0.500000 
  215 	     0.200000 	     0.500000 
  216 	     0.250000 	     0.500000 
  217 	     0.300000 	     0.500000 
  218 	     0.350000 	     0.500000 
  219 	     0.400000 	     0.500000 
  220 	     0.450000 	     0.500000 
  221 	     0.500000 	     0.500000 
  222 	     0.550000 	     0.500000 
  223 	     0.600000 	     0.500000 
  224 	     0.650000 	     0.500000 
  225 	     0.700000 	     0.500000 
  226 	     0.750000 	     0.500000 
  227 	     0.800000 	     0.500000 
  228 	     0.850000 	     0.500000 
  229 	     0.900000 	     0.500000 
  230 	     0.950000 	     0.500000 
  231 	     1.000000 	     0.500000 
  232 	     0.000000 	     0.550000 
  233 	     0.050000 	     0.550000 
  234 	     0.100000 	     0.550000 
  235 	     0.150000 	     0.550000 
  236 	     0.200000 	     0.550000 
  237 	     0.250000 	     0.550000 
  238 	     0.300000 	     0.550000 
  239 	     0.350000 	     0.550000 
  240 	     0.400000 	     0.550000 
  241 	     0.450000 	     0.550000 
  242 	     0.500000 	     0.550000 
  243 	     0.550000 	     0.550000 
  244 	     0.600000 	     0.550000 
  245 	     0.650000 	     0.550000 
  246 	     0.700000 	     0.550000 
  247 	     0.750000 	     0.550000 
  248 	     0.800000 	     0.550000 
  249 	     0.850000 	     0.550000 
  250 	     0.900000 	     0.550000 
  251 	     0.950000 	     0.550000 
  252 	     1.000000 	     0.550000 
  253 	     0.000000 	     0.600000 
  254 	     0.050000 	     0.600000 
  255 	     0.100000 	     0.600000 
  256 	     0.150000 	     0.600000 
  257 	     0.200000 	     0.600000 
  258 	     0.250000 	     0.600000 
  259 	     0.300000 	     0.600000 
  260 	     0.350000 	     0.600000 
  261 	     0.400000 	     0.600000 
  262 	     0.450000 	     0.600000 
  263 	     0.500000 	     0.600000 
  264 	     0.550000 	     0.600000 
  265 	     0.600000 	     0.600000 
  266 	     0.650000 	     0.600000 
  267 	     0.700000 	     0.600000 
  268 	     0.750000 	     0.600000 
  269 	     0.800000 	     0.600000 
  270 	     0.850000 	     0.600000 
  271 	     0.900000 	     0.600000 
  272 	     0.950000 	     0.600000 
  273 	     1.000000 	     0.600000 
  274 	     0.000000 	     0.650000 
  275 	     0.050000 	     0.650000 
  276 	     0.100000 	     0.650000 
  277 	     0.150000 	     0.650000 
  278 	     0.200000 	     0.650000 
  279 	     0.250000 	     0.650000 
  280 	     0.300000 	     0.650000 
  281 	     0.350000 	     0.650000 
  282 	     0.400000 	     0.650000 
  283 	     0.450000 	     0.650000 
  284 	     0.500000 	     0.650000 
  285 	     0.550000 	     0.650000 
  286 	     0.600000 	     0.650000 
  287 	     0.650000 	     0.650000 
  288 	     0.700000 	     0.650000 
  289 	     0.750000 	     0.650000 
  290 	     0.800000 	     0.650000 
  291 	     0.850000 	     0.650000 
  292 	     0.900000 	     0.650000 
  293 	     0.950000 	     0.650000 
  294 	     1.000000 	     0.650000 
  295 	     0.000000 	     0.700000 
  296 	     0.050000 	     0.700000 
  297 	     0.100000 	     0.700000 
  298 	     0.150000 	     0.700000 
  299 	     0.200000 	     0.700000 
  300 	     0.250000 	     0.700000 
  301 	     0.300000 	     0.700000 
  302 	     0.350000 	     0.700000 
  303 	     0.400000 	     0.700000 
  304 	     0.450000 	     0.700000 
  305 	     0.500000 	     0.700000 
  306 	     0.550000 	     0.700000 
  307 	     0.600000 	     0.700000 
  308 	     0.650000 	     0.700000 
  309 	     0.700000 	     0.700000 
  310 	     0.750000 	     0.700000 
  311 	     0.800000 	     0.700000 
  312 	     0.850000 	     0.700000 
  313 	     0.900000 	     0.700000 
  314 	     0.950000 	     0.700000 
  315 	     1.000000 	     0.700000 
  316 	     0.000000 	     0.750000 
  317 	     0.050000 	     0.750000 
  318 	     0.100000 	     0.750000 
  319 	     0.150000 	     0.750000 
  320 	     0.200000 	     0.750000 
  321 	     0.250000 	     0.750000 
  322 	     0.300000 	     0.750000 
  323 	     0.350000 	     0.750000 
  324 	     0.400000 	     0.750000 
  325 	     0.450000 	     0.750000 
  326 	     0.500000 	     0.750000 
  327 	     0.550000 	     0.750000 
  328 	     0.600000 	     0.750000 
  329 	     0.650000 	     0.750000 
  330 	     0.700000 	     0.750000 
  331 	     0.750000 	     0.750000 
  332 	     0.800000 	     0.750000 
  333 	     0.850000 	     0.750000 
  334 	     0.900000 	     0.750000 
  335 	     0.950000 	     0.750000 
  336 	     1.000000 	     0.750000 
  337 	     0.000000 	     0.800000 
  338 	     0.050000 	     0.800000 
  339 	     0.100000 	     0.800000 
  340 	     0.150000 	     0.800000 
  341 	     0.200000 	     0.800000 
  342 	     0.250000 	     0.800000 
  343 	     0.300000 	     0.800000 
  344 	     0.350000 	     0.800000 
  345 	     0.400000 	     0.800000 
  346 	     0.450000 	     0.800000 
  347 	     0.500000 	     0.800000 
  348 	     0.550000 	     0.800000 
  349 	     0.600000 	     0.800000 
  350 	     0.650000 	     0.800000 
  351 	     0.700000 	     0.800000 
  352 	     0.750000 	     0.800000 
  353 	     0.800000 	     0.800000 
  354 	     0.850000 	     0.800000 
  355 	     0.900000 	     0.800000 
  356 	     0.950000 	     0.800000 
  357 	     1.000000 	     0.800000 
  358 	     0.000000 	     0.850000 
  359 	     0.050000 	     0.850000 
  360 	     0.100000 	     0.850000 
  361 	     0.150000 	     0.850000 
  362 	     0.200000 	     0.850000 
  363 	     0.250000 	     0.850000 
  364 	     0.300000 	     0.850000 
  365 	     0.350000 	     0.850000 
  366 	     0.400000 	     0.850000 
  367 	     0.450000 	     0.850000 
  368 	     0.500000 	     0.850000 
  369 	     0.550000 	     0.850000 
  370 	     0.600000 	     0.850000 
  371 	     0.650000 	     0.850000 
  372 	     0.700000 	     0.850000 
  373 	     0.750000 	     0.850000 
  374 	     0.800000 	     0.850000 
  375 	     0.850000 	     0.850000 
  376 	     0.900000 	     0.850000 
  377 	     0.950000 	     0.850000 
  378 	     1.000000 	     0.850000 
  379 	     0.000000 	     0.900000 
  380 	     0.050000 	     0.900000 
  381 	     0.100000 	     0.900000 
  382 	     0.150000 	     0.900000 
  383 	     0.200000 	     0.900000 
  384 	     0.250000 	     0.900000 
  385 	     0.300000 	     0.900000 
  386 	     0.350000 	     0.900000 
  387 	     0.400000 	     0.900000 
  388 	     0.450000 	     0.900000 
  389 	     0.500000 	     0.900000 
  390 	     0.550000 	     0.900000 
  391 	     0.600000 	     0.900000 
  392 	     0.650000 	     0.900000 
  393 	     0.700000 	     0.900000 
  394 	     0.750000 	     0.900000 
  395 	     0.800000 	     0.900000 
  396 	     0.850000 	     0.900000 
  397 	     0.900000 	     0.900000 
  398 	     0.950000 	     0.900000 
  399 	     1.000000 	     0.900000 
  400 	     0.000000 	     0.950000 
  401 	     0.050000 	     0.950000 
  402 	     0.100000 	     0.950000 
  403 	     0.150000 	     0.950000 
  404 	     0.200000 	     0.950000 
  405 	     0.250000 	     0.950000 
  406 	     0.300000 	     0.950000 
  407 	     0.350000 	     0.950000 
  408 	     0.400000 	     0.950000 
  409 	     0.450000 	     0.950000 
  410 	     0.500000 	     0.950000 
  411 	     0.550000 	     0.950000 
  412 	     0.600000 	     0.950000 
  413 	     0.650000 	     0.950000 
  414 	     0.700000 	     0.950000 
  415 	     0.750000 	     0.950000 
  416 	     0.800000 	     0.950000 
  417 	     0.850000 	     0.950000 
  418 	     0.900000 	     0.950000 
  419 	     0.950000 	     0.950000 
  420 	     1.000000 	     0.950000 
  421 	     0.000000 	     1.000000 
  422 	     0.050000 	     1.000000 
  423 	     0.100000 	     1.000000 
  424 	     0.150000 	     1.000000 
  425 	     0.200000 	     1.000000 
  426 	     0.250000 	     1.000000 
  427 	     0.300000 	     1.000000 
  428 	     0.350000 	     1.000000 
  429 	     0.400000 	     1.000000 
  430 	     0.450000 	     1.000000 
  431 	     0.500000 	     1.000000 
  432 	     0.550000 	     1.000000 
  433 	     0.600000 	     1.000000 
  434 	     0.650000 	     1.000000 
  435 	     0.700000 	     1.000000 
  436 	     0.750000 	     1.000000 
  437 	     0.800000 	     1.000000 
  438 	     0.850000 	     1.000000 
  439 	     0.900000 	     1.000000 
  440 	     0.950000 	     1.000000 
  441 	     1.000000 	     1.000000 




elements
!  id      etype   mtype    sec     n1      n2      n3
    1 	     1 	     1 	     1 	     1 	     2 	    22 
    2 	     1 	     1 	     1 	     2 	    23 	    22 
    3 	     1 	     1 	     1 	     2 	     3 	    23 
    4 	     1 	     1 	     1 	     3 	    24 	    23 
    5 	     1 	     1 	     1 	     3 	     4 	    24 
    6 	     1 	     1 	     1 	     4 	    25 	    24 
    7 	     1 	     1 	     1 	     4 	     5 	    25 
    8 	     1 	     1 	     1 	     5 	    26 	    25 
    9 	     1 	     1 	     1 	     5 	     6 	    26 
   10 	     1 	     1 	     1 	     6 	    27 	    26 
   11 	     1 	     1 	     1 	     6 	     7 	    27 
   12 	     1 	     1 	     1 	     7 	    28 	    27 
   13 	     1 	     1 	     1 	     7 	     8 	    28 
   14 	     1 	     1 	     1 	     8 	    29 	    28 
   15 	     1 	     1 	     1 	     8 	     9 	    29 
   16 	     1 	     1 	     1 	     9 	    30 	    29 
   17 	     1 	     1 	     1 	     9 	    10 	    30 
   18 	     1 	     1 	     1 	    10 	    31 	    30 
   19 	     1 	     1 	     1 	    10 	    11 	    31 
   20 	     1 	     1 	     1 	    11 	    32 	    31 
   21 	     1 	     1 	     1 	    11 	    12 	    32 
   22 	     1 	     1 	     1 	    12 	    33 	    32 
   23 	     1 	     1 	     1 	    12 	    13 	    33 
   24 	     1 	     1 	     1 	    13 	    34 	    33 
   25 	     1 	     1 	     1 	    13 	    14 	    34 
   26 	     1 	     1 	     1 	    14 	    35 	    34 
   27 	     1 	     1 	     1 	    14 	    15 	    35 
   28 	     1 	     1 	     1 	    15 	    36 	    35 
   29 	     1 	     1 	     1 	    15 	    16 	    36 
   30 	     1 	     1 	     1 	    16 	    37 	    36 
   31 	     1 	     1 	     1 	    16 	    17 	    37 
   32 	     1 	     1 	     1 	    17 	    38 	    37 
   33 	     1 	     1 	     1 	    17 	    18 	    38 
   34 	     1 	     1 	     1 	    18 	    39 	    38 
   35 	     1 	     1 	     1 	    18 	    19 	    39 
   36 	     1 	     1 	     1 	    19 	    40 	    39 
   37 	     1 	     1 	     1 	    19 	    20 	    40 
   38 	     1 	     1 	     1 	    20 	    41 	    40 
   39 	     1 	     1 	     1 	    20 	    21 	    41 
   40 	     1 	     1 	     1 	    21 	    42 	    41 
   41 	     1 	     1 	     1 	    22 	    23 	    43 
   42 	     1 	     1 	     1 	    23 	    44 	    43 
   43 	     1 	     1 	     1 	    23 	    24 	    44 
   44 	     1 	     1 	     1 	    24 	    45 	    44 
   45 	     1 	     1 	     1 	    24 	    25 	    45 
   46 	     1 	     1 	     1 	    25 	    46 	    45 
   47 	     1 	     1 	     1 	    25 	    26 	    46 
   48 	     1 	     1 	     1 	    26 	    47 	    46 
   49 	     1 	     1 	     1 	    26 	    27 	    47 
   50 	     1 	     1 	     1 	    27 	    48 	    47 
   51 	     1 	     1 	     1 	    27 	    28 	    48 
   52 	     1 	     1 	     1 	    28 	    49 	    48 
   53 	     1 	     1 	     1 	    28 	    29 	    49 
   54 	     1 	     1 	     1 	    29 	    50 	    49 
   55 	     1 	     1 	     1 	    29 	    30 	    50 
   56 	     1 	     1 	     1 	    30 	    51 	    50 
   57 	     1 	     1 	     1 	    30 	    31 	    51 
   58 	     1 	     1 	     1 	    31 	    52 	    51 
   59 	     1 	     1 	     1 	    31 	    32 	    52 
   60 	     1 	     1 	     1 	    32 	    53 	    52 
   61 	     1 	     1 	     1 	    32 	    33 	    53 
   62 	     1 	     1 	     1 	    33 	    54 	    53 
   63 	     1 	     1 	     1 	    33 	    34 	    54 
   64 	     1 	     1 	     1 	    34 	    55 	    54 
   65 	     1 	     1 	     1 	    34 	    35 	    55 
   66 	     1 	     1 	     1 	    35 	    56 	    55 
   67 	     1 	     1 	     1 	    35 	    36 	    56 
   68 	     1 	     1 	     1 	    36 	    57 	    56 
   69 	     1 	     1 	     1 	    36 	    37 	    57 
   70 	     1 	     1 	     1 	    37 	    58 	    57 
   71 	     1 	     1 	     1 	    37 	    38 	    58 
   72 	     1 	     1 	     1 	    38 	    59 	    58 
   73 	     1 	     1 	     1 	    38 	    39 	    59 
   74 	     1 	     1 	     1 	    39 	    60 	    59 
   75 	     1 	     1 	     1 	    39 	    40 	    60 
   76 	     1 	     1 	     1 	    40 	    61 	    60 
   77 	     1 	     1 	     1 	    40 	    41 	    61 
   78 	     1 	     1 	     1 	    41 	    62 	    61 
   79 	     1 	     1 	     1 	    41 	    42 	    62 
   80 	     1 	     1 	     1 	    42 	    63 	    62 
   81 	     1 	     1 	     1 	    43 	    44 	    64 
   82 	     1 	     1 	     1 	    44 	    65 	    64 
   83 	     1 	     1 	     1 	    44 	    45 	    65 
   84 	     1 	     1 	     1 	    45 	    66 	    65 
   85 	     1 	     1 	     1 	    45 	    46 	    66 
   86 	     1 	     1 	     1 	    46 	    67 	    66 
   87 	     1 	     1 	     1 	    46 	    47 	    67 
   88 	     1 	     1 	     1 	    47 	    68 	    67 
   89 	     1 	     1 	     1 	    47 	    48 	    68 
   90 	     1 	     1 	     1 	    48 	    69 	    68 
   91 	     1 	     1 	     1 	    48 	    49 	    69 
   92 	     1 	     1 	     1 	    49 	    70 	    69 
   93 	     1 	     1 	     1 	    49 	    50 	    70 
   94 	     1 	     1 	     1 	    50 	    71 	    70 
   95 	     1 	     1 	     1 	    50 	    51 	    71 
   96 	     1 	     1 	     1 	    51 	    72 	    71 
   97 	     1 	     1 	     1 	    51 	    52 	    72 
   98 	     1 	     1 	     1 	    52 	    73 	    72 
   99 	     1 	     1 	     1 	    52 	    53 	    73 
  100 	     1 	     1 	     1 	    53 	    74 	    73 
  101 	     1 	     1 	     1 	    53 	    54 	    74 
  102 	     1 	     1 	     1 	    54 	    75 	    74 
  103 	     1 	     1 	     1 	    54 	    55 	    75 
  104 	     1 	     1 	     1 	    55 	    76 	    75 
  105 	     1 	     1 	     1 	    55 	    56 	    76 
  106 	     1 	     1 	     1 	    56 	    77 	    76 
  107 	     1 	     1 	     1 	    56 	    57 	    77 
  108 	     1 	     1 	     1 	    57 	    78 	    77 
  109 	     1 	     1 	     1 	    57 	    58 	    78 
  110 	     1 	     1 	     1 	    58 	    79 	    78 
  111 	     1 	     1 	     1 	    58 	    59 	    79 
  112 	     1 	     1 	     1 	    59 	    80 	    79 
  113 	     1 	     1 	     1 	    59 	    60 	    80 
  114 	     1 	     1 	     1 	    60 	    81 	    80 
  115 	     1 	     1 	     1 	    60 	    61 	    81 
  116 	     1 	     1 	     1 	    61 	    82 	    81 
  117 	     1 	     1 	     1 	    61 	    62 	    82 
  118 	     1 	     1 	     1 	    62 	    83 	    82 
  119 	     1 	     1 	     1 	    62 	    63 	    83 
  120 	     1 	     1 	     1 	    63 	    84 	    83 
  121 	     1 	     1 	     1 	    64 	    65 	    85 
  122 	     1 	     1 	     1 	    65 	    86 	    85 
  123 	     1 	     1 	     1 	    65 	    66 	    86 
  124 	     1 	     1 	     1 	    66 	    87 	    86 
  125 	     1 	     1 	     1 	    66 	    67 	    87 
  126 	     1 	     1 	     1 	    67 	    88 	    87 
  127 	     1 	     1 	     1 	    67 	    68 	    88 
  128 	     1 	     1 	     1 	    68 	    89 	    88 
  129 	     1 	     1 	     1 	    68 	    69 	    89 
  130 	     1 	     1 	     1 	    69 	    90 	    89 
  131 	     1 	     1 	     1 	    69 	    70 	    90 
  132 	     1 	     1 	     1 	    70 	    91 	    90 
  133 	     1 	     1 	     1 	    70 	    71 	    91 
  134 	     1 	     1 	     1 	    71 	    92 	    91 
  135 	     1 	     1 	     1 	    71 	    72 	    92 
  136 	     1 	     1 	     1 	    72 	    93 	    92 
  137 	     1 	     1 	     1 	    72 	    73 	    93 
  138 	     1 	     1 	     1 	    73 	    94 	    93 
  139 	     1 	     1 	     1 	    73 	    74 	    94 
  140 	     1 	     1 	     1 	    74 	    95 	    94 
  141 	     1 	     1 	     1 	    74 	    75 	    95 
  142 	     1 	     1 	     1 	    75 	    96 	    95 
  143 	     1 	     1 	     1 	    75 	    76 	    96 
  144 	     1 	     1 	     1 	    76 	    97 	    96 
  145 	     1 	     1 	     1 	    76 	    77 	    97 
  146 	     1 	     1 	     1 	    77 	    98 	    97 
  147 	     1 	     1 	     1 	    77 	    78 	    98 
  148 	     1 	     1 	     1 	    78 	    99 	    98 
  149 	     1 	     1 	     1 	    78 	    79 	    99 
  150 	     1 	     1 	     1 	    79 	   100 	    99 
  151 	     1 	     1 	     1 	    79 	    80 	   100 
  152 	     1 	     1 	     1 	    80 	   101 	   100 
  153 	     1 	     1 	     1 	    80 	    81 	   101 
  154 	     1 	     1 	     1 	    81 	   102 	   101 
  155 	     1 	     1 	     1 	    81 	    82 	   102 
  156 	     1 	     1 	     1 	    82 	   103 	   102 
  157 	     1 	     1 	     1 	    82 	    83 	   103 
  158 	     1 	     1 	     1 	    83 	   104 	   103 
  159 	     1 	     1 	     1 	    83 	    84 	   104 
  160 	     1 	     1 	     1 	    84 	   105 	   104 
  161 	     1 	     1 	     1 	    85 	    86 	   106 
  162 	     1 	     1 	     1 	    86 	   107 	   106 
  163 	     1 	     1 	     1 	    86 	    87 	   107 
  164 	     1 	     1 	     1 	    87 	   108 	   107 
  165 	     1 	     1 	     1 	    87 	    88 	   108 
  166 	     1 	     1 	     1 	    88 	   109 	   108 
  167 	     1 	     1 	     1 	    88 	    89 	   109 
  168 	     1 	     1 	     1 	    89 	   110 	   109 
  169 	     1 	     1 	     1 	    89 	    90 	   110 
  170 	     1 	     1 	     1 	    90 	   111 	   110 
  171 	     1 	     1 	     1 	    90 	    91 	   111 
  172 	     1 	     1 	     1 	    91 	   112 	   111 
  173 	     1 	     1 	     1 	    91 	    92 	   112 
  174 	     1 	     1 	     1 	    92 	   113 	   112 
  175 	     1 	     1 	     1 	    92 	    93 	   113 
  176 	     1 	     1 	     1 	    93 	   114 	   113 
  177 	     1 	     1 	     1 	    93 	    94 	   114 
  178 	     1 	     1 	     1 	    94 	   115 	   114 
  179 	     1 	     1 	     1 	    94 	    95 	   115 
  180 	     1 	     1 	     1 	    95 	   116 	   115 
  181 	     1 	     1 	     1 	    95 	    96 	   116 
  182 	     1 	     1 	     1 	    96 	   117 	   116 
  183 	     1 	     1 	     1 	    96 	    97 	   117 
  184 	     1 	     1 	     1 	    97 	   118 	   117 
  185 	     1 	     1 	     1 	    97 	    98 	   118 
  186 	     1 	     1 	     1 	    98 	   119 	   118 
  187 	     1 	     1 	     1 	    98 	    99 	   119 
  188 	     1 	     1 	     1 	    99 	   120 	   119 
  189 	     1 	     1 	     1 	    99 	   100 	   120 
  190 	     1 	     1 	     1 	   100 	   121 	   120 
  191 	     1 	     1 	     1 	   100 	   101 	   121 
  192 	     1 	     1 	     1 	   101 	   122 	   121 
  193 	     1 	     1 	     1 	   101 	   102 	   122 
  194 	     1 	     1 	     1 	   102 	   123 	   122 
  195 	     1 	     1 	     1 	   102 	   103 	   123 
  196 	     1 	     1 	     1 	   103 	   124 	   123 
  197 	     1 	     1 	     1 	   103 	   104 	   124 
  198 	     1 	     1 	     1 	   104 	   125 	   124 
  199 	     1 	     1 	     1 	   104 	   105 	   125 
  200 	     1 	     1 	     1 	   105 	   126 	   125 
  201 	     1 	     1 	     1 	   106 	   107 	   127 
  202 	     1 	     1 	     1 	   107 	   128 	   127 
  203 	     1 	     1 	     1 	   107 	   108 	   128 
  204 	     1 	     1 	     1 	   108 	   129 	   128 
  205 	     1 	     1 	     1 	   108 	   109 	   129 
  206 	     1 	     1 	     1 	   109 	   130 	   129 
  207 	     1 	     1 	     1 	   109 	   110 	   130 
  208 	     1 	     1 	     1 	   110 	   131 	   130 
  209 	     1 	     1 	     1 	   110 	   111 	   131 
  210 	     1 	     1 	     1 	   111 	   132 	   131 
  211 	     1 	     1 	     1 	   111 	   112 	   132 
  212 	     1 	     1 	     1 	   112 	   133 	   132 
  213 	     1 	     1 	     1 	   112 	   113 	   133 
  214 	     1 	     1 	     1 	   113 	   134 	   133 
  215 	     1 	     1 	     1 	   113 	   114 	   134 
  216 	     1 	     1 	     1 	   114 	   135 	   134 
  217 	     1 	     1 	     1 	   114 	   115 	   135 
  218 	     1 	     1 	     1 	   115 	   136 	   135 
  219 	     1 	     1 	     1 	   115 	   116 	   136 
  220 	     1 	     1 	     1 	   116 	   137 	   136 
  221 	     1 	     1 	     1 	   116 	   117 	   137 
  222 	     1 	     1 	     1 	   117 	   138 	   137 
  223 	     1 	     1 	     1 	   117 	   118 	   138 
  224 	     1 	     1 	     1 	   118 	   139 	   138 
  225 	     1 	     1 	     1 	   118 	   119 	   139 
  226 	     1 	     1 	     1 	   119 	   140 	   139 
  227 	     1 	     1 	     1 	   119 	   120 	   140 
  228 	     1 	     1 	     1 	   120 	   141 	   140 
  229 	     1 	     1 	     1 	   120 	   121 	   141 
  230 	     1 	     1 	     1 	   121 	   142 	   141 
  231 	     1 	     1 	     1 	   121 	   122 	   142 
  232 	     1 	     1 	     1 	   122 	   143 	   142 
  233 	     1 	     1 	     1 	   122 	   123 	   143 
  234 	     1 	     1 	     1 	   123 	   144 	   143 
  235 	     1 	     1 	     1 	   123 	   124 	   144 
  236 	     1 	     1 	     1 	   124 	   145 	   144 
  237 	     1 	     1 	     1 	   124 	   125 	   145 
  238 	     1 	     1 	     1 	   125 	   146 	   145 
  239 	     1 	     1 	     1 	   125 	   126 	   146 
  240 	     1 	     1 	     1 	   126 	   147 	   146 
  241 	     1 	     1 	     1 	   127 	   128 	   148 
  242 	     1 	     1 	     1 	   128 	   149 	   148 
  243 	     1 	     1 	     1 	   128 	   129 	   149 
  244 	     1 	     1 	     1 	   129 	   150 	   149 
  245 	     1 	     1 	     1 	   129 	   130 	   150 
  246 	     1 	     1 	     1 	   130 	   151 	   150 
  247 	     1 	     1 	     1 	   130 	   131 	   151 
  248 	     1 	     1 	     1 	   131 	   152 	   151 
  249 	     1 	     1 	     1 	   131 	   132 	   152 
  250 	     1 	     1 	     1 	   132 	   153 	   152 
  251 	     1 	     1 	     1 	   132 	   133 	   153 
  252 	     1 	     1 	     1 	   133 	   154 	   153 
  253 	     1 	     1 	     1 	   133 	   134 	   154 
  254 	     1 	     1 	     1 	   134 	   155 	   154 
  255 	     1 	     1 	     1 	   134 	   135 	   155 
  256 	     1 	     1 	     1 	   135 	   156 	   155 
  257 	     1 	     1 	     1 	   135 	   136 	   156 
  258 	     1 	     1 	     1 	   136 	   157 	   156 
  259 	     1 	     1 	     1 	   136 	   137 	   157 
  260 	     1 	     1 	     1 	   137 	   158 	   157 
  261 	     1 	     1 	     1 	   137 	   138 	   158 
  262 	     1 	     1 	     1 	   138 	   159 	   158 
  263 	     1 	     1 	     1 	   138 	   139 	   159 
  264 	     1 	     1 	     1 	   139 	   160 	   159 
  265 	     1 	     1 	     1 	   139 	   140 	   160 
  266 	     1 	     1 	     1 	   140 	   161 	   160 
  267 	     1 	     1 	     1 	   140 	   141 	   161 
  268 	     1 	     1 	     1 	   141 	   162 	   161 
  269 	     1 	     1 	     1 	   141 	   142 	   162 
  270 	     1 	     1 	     1 	   142 	   163 	   162 
  271 	     1 	     1 	     1 	   142 	   143 	   163 
  272 	     1 	     1 	     1 	   143 	   164 	   163 
  273 	     1 	     1 	     1 	   143 	   144 	   164 
  274 	     1 	     1 	     1 	   144 	   165 	   164 
  275 	     1 	     1 	     1 	   144 	   145 	   165 
  276 	     1 	     1 	     1 	   145 	   166 	   165 
  277 	     1 	     1 	     1 	   145 	   146 	   166 
  278 	     1 	     1 	     1 	   146 	   167 	   166 
  279 	     1 	     1 	     1 	   146 	   147 	   167 
  280 	     1 	     1 	     1 	   147 	   168 	   167 
  281 	     1 	     1 	     1 	   148 	   149 	   169 
  282 	     1 	     1 	     1 	   149 	   170 	   169 
  283 	     1 	     1 	     1 	   149 	   150 	   170 
  284 	     1 	     1 	     1 	   150 	   171 	   170 
  285 	     1 	     1 	     1 	   150 	   151 	   171 
  286 	     1 	     1 	     1 	   151 	   172 	   171 
  287 	     1 	     1 	     1 	   151 	   152 	   172 
  288 	     1 	     1 	     1 	   152 	   173 	   172 
  289 	     1 	     1 	     1 	   152 	   153 	   173 
  290 	     1 	     1 	     1 	   153 	   174 	   173 
  291 	     1 	     1 	     1 	   153 	   154 	   174 
  292 	     1 	     1 	     1 	   154 	   175 	   174 
  293 	     1 	     1 	     1 	   154 	   155 	   175 
  294 	     1 	     1 	     1 	   155 	   176 	   175 
  295 	     1 	     1 	     1 	   155 	   156 	   176 
  296 	     1 	     1 	     1 	   156 	   177 	   176 
  297 	     1 	     1 	     1 	   156 	   157 	   177 
  298 	     1 	     1 	     1 	   157 	   178 	   177 
  299 	     1 	     1 	     1 	   157 	   158 	   178 
  300 	     1 	     1 	     1 	   158 	   179 	   178 
  301 	     1 	     1 	     1 	   158 	   159 	   179 
  302 	     1 	     1 	     1 	   159 	   180 	   179 
  303 	     1 	     1 	     1 	   159 	   160 	   180 
  304 	     1 	     1 	     1 	   160 	   181 	   180 
  305 	     1 	     1 	     1 	   160 	   161 	   181 
  306 	     1 	     1 	     1 	   161 	   182 	   181 
  307 	     1 	     1 	     1 	   161 	   162 	   182 
  308 	     1 	     1 	     1 	   162 	   183 	   182 
  309 	     1 	     1 	     1 	   162 	   163 	   183 
  310 	     1 	     1 	     1 	   163 	   184 	   183 
  311 	     1 	     1 	     1 	   163 	   164 	   184 
  312 	     1 	     1 	     1 	   164 	   185 	   184 
  313 	     1 	     1 	     1 	   164 	   165 	   185 
  314 	     1 	     1 	     1 	   165 	   186 	   185 
  315 	     1 	     1 	     1 	   165 	   166 	   186 
  316 	     1 	     1 	     1 	   166 	   187 	   186 
  317 	     1 	     1 	     1 	   166 	   167 	   187 
  318 	     1 	     1 	     1 	   167 	   188 	   187 
  319 	     1 	     1 	     1 	   167 	   168 	   188 
  320 	     1 	     1 	     1 	   168 	   189 	   188 
  321 	     1 	     1 	     1 	   169 	   170 	   190 
  322 	     1 	     1 	     1 	   170 	   191 	   190 
  323 	     1 	     1 	     1 	   170 	   171 	   191 
  324 	     1 	     1 	     1 	   171 	   192 	   191 
  325 	     1 	     1 	     1 	   171 	   172 	   192 
  326 	     1 	     1 	     1 	   172 	   193 	   192 
  327 	     1 	     1 	     1 	   172 	   173 	   193 
  328 	     1 	     1 	     1 	   173 	   194 	   193 
  329 	     1 	     1 	     1 	   173 	   174 	   194 
  330 	     1 	     1 	     1 	   174 	   195 	   194 
  331 	     1 	     1 	     1 	   174 	   175 	   195 
  332 	     1 	     1 	     1 	   175 	   196 	   195 
  333 	     1 	     1 	     1 	   175 	   176 	   196 
  334 	     1 	     1 	     1 	   176 	   197 	   196 
  335 	     1 	     1 	     1 	   176 	   177 	   197 
  336 	     1 	     1 	     1 	   177 	   198 	   197 
  337 	     1 	     1 	     1 	   177 	   178 	   198 
  338 	     1 	     1 	     1 	   178 	   199 	   198 
  339 	     1 	     1 	     1 	   178 	   179 	   199 
  340 	     1 	     1 	     1 	   179 	   200 	   199 
  341 	     1 	     1 	     1 	   179 	   180 	   200 
  342 	     1 	     1 	     1 	   180 	   201 	   200 
  343 	     1 	     1 	     1 	   180 	   181 	   201 
  344 	     1 	     1 	     1 	   181 	   202 	   201 
  345 	     1 	     1 	     1 	   181 	   182 	   202 
  346 	     1 	     1 	     1 	   182 	   203 	   202 
  347 	     1 	     1 	     1 	   182 	   183 	   203 
  348 	     1 	     1 	     1 	   183 	   204 	   203 
  349 	     1 	     1 	     1 	   183 	   184 	   204 
  350 	     1 	     1 	     1 	   184 	   205 	   204 
  351 	     1 	     1 	     1 	   184 	   185 	   205 
  352 	     1 	     1 	     1 	   185 	   206 	   205 
  353 	     1 	     1 	     1 	   185 	   186 	   206 
  354 	     1 	     1 	     1 	   186 	   207 	   206 
  355 	     1 	     1 	     1 	   186 	   187 	   207 
  356 	     1 	     1 	     1 	   187 	   208 	   207 
  357 	     1 	     1 	     1 	   187 	   188 	   208 
  358 	     1 	     1 	     1 	   188 	   209 	   208 
  359 	     1 	     1 	     1 	   188 	   189 	   209 
  360 	     1 	     1 	     1 	   189 	   210 	   209 
  361 	     1 	     1 	     1 	   190 	   191 	   211 
  362 	     1 	     1 	     1 	   191 	   212 	   211 
  363 	     1 	     1 	     1 	   191 	   192 	   212 
  364 	     1 	     1 	     1 	   192 	   213 	   212 
  365 	     1 	     1 	     1 	   192 	   193 	   213 
  366 	     1 	     1 	     1 	   193 	   214 	   213 
  367 	     1 	     1 	     1 	   193 	   194 	   214 
  368 	     1 	     1 	     1 	   194 	   215 	   214 
  369 	     1 	     1 	     1 	   194 	   195 	   215 
  370 	     1 	     1 	     1 	   195 	   216 	   215 
  371 	     1 	     1 	     1 	   195 	   196 	   216 
  372 	     1 	     1 	     1 	   196 	   217 	   216 
  373 	     1 	     1 	     1 	   196 	   197 	   217 
  374 	     1 	     1 	     1 	   197 	   218 	   217 
  375 	     1 	     1 	     1 	   197 	   198 	   218 
  376 	     1 	     1 	     1 	   198 	   219 	   218 
  377 	     1 	     1 	     1 	   198 	   199 	   219 
  378 	     1 	     1 	     1 	   199 	   220 	   219 
  379 	     1 	     1 	     1 	   199 	   200 	   220 
  380 	     1 	     1 	     1 	   200 	   221 	   220 
  381 	     1 	     1 	     1 	   200 	   201 	   221 
  382 	     1 	     1 	     1 	   201 	   222 	   221 
  383 	     1 	     1 	     1 	   201 	   202 	   222 
  384 	     1 	     1 	     1 	   202 	   223 	   222 
  385 	     1 	     1 	     1 	   202 	   203 	   223 
  386 	     1 	     1 	     1 	   203 	   224 	   223 
  387 	     1 	     1 	     1 	   203 	   204 	   224 
  388 	     1 	     1 	     1 	   204 	   225 	   224 
  389 	     1 	     1 	     1 	   204 	   205 	   225 
  390 	     1 	     1 	     1 	   205 	   226 	   225 
  391 	     1 	     1 	     1 	   205 	   206 	   226 
  392 	     1 	     1 	     1 	   206 	   227 	   226 
  393 	     1 	     1 	     1 	   206 	   207 	   227 
  394 	     1 	     1 	     1 	   207 	   228 	   227 
  395 	     1 	     1 	     1 	   207 	   208 	   228 
  396 	     1 	     1 	     1 	   208 	   229 	   228 
  397 	     1 	     1 	     1 	   208 	   209 	   229 
  398 	     1 	     1 	     1 	   209 	   230 	   229 
  399 	     1 	     1 	     1 	   209 	   210 	   230 
  400 	     1 	     1 	     1 	   210 	   231 	   230 
  401 	     1 	     1 	     1 	   211 	   212 	   232 
  402 	     1 	     1 	     1 	   212 	   233 	   232 
  403 	     1 	     1 	     1 	   212 	   213 	   233 
  404 	     1 	     1 	     1 	   213 	   234 	   233 
  405 	     1 	     1 	     1 	   213 	   214 	   234 
  406 	     1 	     1 	     1 	   214 	   235 	   234 
  407 	     1 	     1 	     1 	   214 	   215 	   235 
  408 	     1 	     1 	     1 	   215 	   236 	   235 
  409 	     1 	     1 	     1 	   215 	   216 	   236 
  410 	     1 	     1 	     1 	   216 	   237 	   236 
  411 	     1 	     1 	     1 	   216 	   217 	   237 
  412 	     1 	     1 	     1 	   217 	   238 	   237 
  413 	     1 	     1 	     1 	   217 	   218 	   238 
  414 	     1 	     1 	     1 	   218 	   239 	   238 
  415 	     1 	     1 	     1 	   218 	   219 	   239 
  416 	     1 	     1 	     1 	   219 	   240 	   239 
  417 	     1 	     1 	     1 	   219 	   220 	   240 
  418 	     1 	     1 	     1 	   220 	   241 	   240 
  419 	     1 	     1 	     1 	   220 	   221 	   241 
  420 	     1 	     1 	     1 	   221 	   242 	   241 
  421 	     1 	     1 	     1 	   221 	   222 	   242 
  422 	     1 	     1 	     1 	   222 	   243 	   242 
  423 	     1 	     1 	     1 	   222 	   223 	   243 
  424 	     1 	     1 	     1 	   223 	   244 	   243 
  425 	     1 	     1 	     1 	   223 	   224 	   244 
  426 	     1 	     1 	     1 	   224 	   245 	   244 
  427 	     1 	     1 	     1 	   224 	   225 	   245 
  428 	     1 	     1 	     1 	   225 	   246 	   245 
  429 	     1 	     1 	     1 	   225 	   226 	   246 
  430 	     1 	     1 	     1 	   226 	   247 	   246 
  431 	     1 	     1 	     1 	   226 	   227 	   247 
  432 	     1 	     1 	     1 	   227 	   248 	   247 
  433 	     1 	     1 	     1 	   227 	   228 	   248 
  434 	     1 	     1 	     1 	   228 	   249 	   248 
  435 	     1 	     1 	     1 	   228 	   229 	   249 
  436 	     1 	     1 	     1 	   229 	   250 	   249 
  437 	     1 	     1 	     1 	   229 	   230 	   250 
  438 	     1 	     1 	     1 	   230 	   251 	   250 
  439 	     1 	     1 	     1 	   230 	   231 	   251 
  440 	     1 	     1 	     1 	   231 	   252 	   251 
  441 	     1 	     1 	     1 	   232 	   233 	   253 
  442 	     1 	     1 	     1 	   233 	   254 	   253 
  443 	     1 	     1 	     1 	   233 	   234 	   254 
  444 	     1 	     1 	     1 	   234 	   255 	   254 
  445 	     1 	     1 	     1 	   234 	   235 	   255 
  446 	     1 	     1 	     1 	   235 	   256 	   255 
  447 	     1 	     1 	     1 	   235 	   236 	   256 
  448 	     1 	     1 	     1 	   236 	   257 	   256 
  449 	     1 	     1 	     1 	   236 	   237 	   257 
  450 	     1 	     1 	     1 	   237 	   258 	   257 
  451 	     1 	     1 	     1 	   237 	   238 	   258 
  452 	     1 	     1 	     1 	   238 	   259 	   258 
  453 	     1 	     1 	     1 	   238 	   239 	   259 
  454 	     1 	     1 	     1 	   239 	   260 	   259 
  455 	     1 	     1 	     1 	   239 	   240 	   260 
  456 	     1 	     1 	     1 	   240 	   261 	   260 
  457 	     1 	     1 	     1 	   240 	   241 	   261 
  458 	     1 	     1 	     1 	   241 	   262 	   261 
  459 	     1 	     1 	     1 	   241 	   242 	   262 
  460 	     1 	     1 	     1 	   242 	   263 	   262 
  461 	     1 	     1 	     1 	   242 	   243 	   263 
  462 	     1 	     1 	     1 	   243 	   264 	   263 
  463 	     1 	     1 	     1 	   243 	   244 	   264 
  464 	     1 	     1 	     1 	   244 	   265 	   264 
  465 	     1 	     1 	     1 	   244 	   245 	   265 
  466 	     1 	     1 	     1 	   245 	   266 	   265 
  467 	     1 	     1 	     1 	   245 	   246 	   266 
  468 	     1 	     1 	     1 	   246 	   267 	   266 
  469 	     1 	     1 	     1 	   246 	   247 	   267 
  470 	     1 	     1 	     1 	   247 	   268 	   267 
  471 	     1 	     1 	     1 	   247 	   248 	   268 
  472 	     1 	     1 	     1 	   248 	   269 	   268 
  473 	     1 	     1 	     1 	   248 	   249 	   269 
  474 	     1 	     1 	     1 	   249 	   270 	   269 
  475 	     1 	     1 	     1 	   249 	   250 	   270 
  476 	     1 	     1 	     1 	   250 	   271 	   270 
  477 	     1 	     1 	     1 	   250 	   251 	   271 
  478 	     1 	     1 	     1 	   251 	   272 	   271 
  479 	     1 	     1 	     1 	   251 	   252 	   272 
  480 	     1 	     1 	     1 	   252 	   273 	   272 
  481 	     1 	     1 	     1 	   253 	   254 	   274 
  482 	     1 	     1 	     1 	   254 	   275 	   274 
  483 	     1 	     1 	     1 	   254 	   255 	   275 
  484 	     1 	     1 	     1 	   255 	   276 	   275 
  485 	     1 	     1 	     1 	   255 	   256 	   276 
  486 	     1 	     1 	     1 	   256 	   277 	   276 
  487 	     1 	     1 	     1 	   256 	   257 	   277 
  488 	     1 	     1 	     1 	   257 	   278 	   277 
  489 	     1 	     1 	     1 	   257 	   258 	   278 
  490 	     1 	     1 	     1 	   258 	   279 	   278 
  491 	     1 	     1 	     1 	   258 	   259 	   279 
  492 	     1 	     1 	     1 	   259 	   280 	   279 
  493 	     1 	     1 	     1 	   259 	   260 	   280 
  494 	     1 	     1 	     1 	   260 	   281 	   280 
  495 	     1 	     1 	     1 	   260 	   261 	   281 
  496 	     1 	     1 	     1 	   261 	   282 	   281 
  497 	     1 	     1 	     1 	   261 	   262 	   282 
  498 	     1 	     1 	     1 	   262 	   283 	   282 
  499 	     1 	     1 	     1 	   262 	   263 	   283 
  500 	     1 	     1 	     1 	   263 	   284 	   283 
  501 	     1 	     1 	     1 	   263 	   264 	   284 
  502 	     1 	     1 	     1 	   264 	   285 	   284 
  503 	     1 	     1 	     1 	   264 	   265 	   285 
  504 	     1 	     1 	     1 	   265 	   286 	   285 
  505 	     1 	     1 	     1 	   265 	   266 	   286 
  506 	     1 	     1 	     1 	   266 	   287 	   286 
  507 	     1 	     1 	     1 	   266 	   267 	   287 
  508 	     1 	     1 	     1 	   267 	   288 	   287 
  509 	     1 	     1 	     1 	   267 	   268 	   288 
  510 	     1 	     1 	     1 	   268 	   289 	   288 
  511 	     1 	     1 	     1 	   268 	   269 	   289 
  512 	     1 	     1 	     1 	   269 	   290 	   289 
  513 	     1 	     1 	     1 	   269 	   270 	   290 
  514 	     1 	     1 	     1 	   270 	   291 	   290 
  515 	     1 	     1 	     1 	   270 	   271 	   291 
  516 	     1 	     1 	     1 	   271 	   292 	   291 
  517 	     1 	     1 	     1 	   271 	   272 	   292 
  518 	     1 	     1 	     1 	   272 	   293 	   292 
  519 	     1 	     1 	     1 	   272 	   273 	   293 
  520 	     1 	     1 	     1 	   273 	   294 	   293 
  521 	     1 	     1 	     1 	   274 	   275 	   295 
  522 	     1 	     1 	     1 	   275 	   296 	   295 
  523 	     1 	     1 	     1 	   275 	   276 	   296 
  524 	     1 	     1 	     1 	   276 	   297 	   296 
  525 	     1 	     1 	     1 	   276 	   277 	   297 
  526 	     1 	     1 	     1 	   277 	   298 	   297 
  527 	     1 	     1 	     1 	   277 	   278 	   298 
  528 	     1 	     1 	     1 	   278 	   299 	   298 
  529 	     1 	     1 	     1 	   278 	   279 	   299 
  530 	     1 	     1 	     1 	   279 	   300 	   299 
  531 	     1 	     1 	     1 	   279 	   280 	   300 
  532 	     1 	     1 	     1 	   280 	   301 	   300 
  533 	     1 	     1 	     1 	   280 	   281 	   301 
  534 	     1 	     1 	     1 	   281 	   302 	   301 
  535 	     1 	     1 	     1 	   281 	   282 	   302 
  536 	     1 	     1 	     1 	   282 	   303 	   302 
  537 	     1 	     1 	     1 	   282 	   283 	   303 
  538 	     1 	     1 	     1 	   283 	   304 	   303 
  539 	     1 	     1 	     1 	   283 	   284 	   304 
  540 	     1 	     1 	     1 	   284 	   305 	   304 
  541 	     1 	     1 	     1 	   284 	   285 	   305 
  542 	     1 	     1 	     1 	   285 	   306 	   305 
  543 	     1 	     1 	     1 	   285 	   286 	   306 
  544 	     1 	     1 	     1 	   286 	   307 	   306 
  545 	     1 	     1 	     1 	   286 	   287 	   307 
  546 	     1 	     1 	     1 	   287 	   308 	   307 
  547 	     1 	     1 	     1 	   287 	   288 	   308 
  548 	     1 	     1 	     1 	   288 	   309 	   308 
  549 	     1 	     1 	     1 	   288 	   289 	   309 
  550 	     1 	     1 	     1 	   289 	   310 	   309 
  551 	     1 	     1 	     1 	   289 	   290 	   310 
  552 	     1 	     1 	     1 	   290 	   311 	   310 
  553 	     1 	     1 	     1 	   290 	   291 	   311 
  554 	     1 	     1 	     1 	   291 	   312 	   311 
  555 	     1 	     1 	     1 	   291 	   292 	   312 
  556 	     1 	     1 	     1 	   292 	   313 	   312 
  557 	     1 	     1 	     1 	   292 	   293 	   313 
  558 	     1 	     1 	     1 	   293 	   314 	   313 
  559 	     1 	     1 	     1 	   293 	   294 	   314 
  560 	     1 	     1 	     1 	   294 	   315 	   314 
  561 	     1 	     1 	     1 	   295 	   296 	   316 
  562 	     1 	     1 	     1 	   296 	   317 	   316 
  563 	     1 	     1 	     1 	   296 	   297 	   317 
  564 	     1 	     1 	     1 	   297 	   318 	   317 
  565 	     1 	     1 	     1 	   297 	   298 	   318 
  566 	     1 	     1 	     1 	   298 	   319 	   318 
  567 	     1 	     1 	     1 	   298 	   299 	   319 
  568 	     1 	     1 	     1 	   299 	   320 	   319 
  569 	     1 	     1 	     1 	   299 	   300 	   320 
  570 	     1 	     1 	     1 	   300 	   321 	   320 
  571 	     1 	     1 	     1 	   300 	   301 	   321 
  572 	     1 	     1 	     1 	   301 	   322 	   321 
  573 	     1 	     1 	     1 	   301 	   302 	   322 
  574 	     1 	     1 	     1 	   302 	   323 	   322 
  575 	     1 	     1 	     1 	   302 	   303 	   323 
  576 	     1 	     1 	     1 	   303 	   324 	   323 
  577 	     1 	     1 	     1 	   303 	   304 	   324 
  578 	     1 	     1 	     1 	   304 	   325 	   324 
  579 	     1 	     1 	     1 	   304 	   305 	   325 
  580 	     1 	     1 	     1 	   305 	   326 	   325 
  581 	     1 	     1 	     1 	   305 	   306 	   326 
  582 	     1 	     1 	     1 	   306 	   327 	   326 
  583 	     1 	     1 	     1 	   306 	   307 	   327 
  584 	     1 	     1 	     1 	   307 	   328 	   327 
  585 	     1 	     1 	     1 	   307 	   308 	   328 
  586 	     1 	     1 	     1 	   308 	   329 	   328 
  587 	     1 	     1 	     1 	   308 	   309 	   329 
  588 	     1 	     1 	     1 	   309 	   330 	   329 
  589 	     1 	     1 	     1 	   309 	   310 	   330 
  590 	     1 	     1 	     1 	   310 	   331 	   330 
  591 	     1 	     1 	     1 	   310 	   311 	   331 
  592 	     1 	     1 	     1 	   311 	   332 	   331 
  593 	     1 	     1 	     1 	   311 	   312 	   332 
  594 	     1 	     1 	     1 	   312 	   333 	   332 
  595 	     1 	     1 	     1 	   312 	   313 	   333 
  596 	     1 	     1 	     1 	   313 	   334 	   333 
  597 	     1 	     1 	     1 	   313 	   314 	   334 
  598 	     1 	     1 	     1 	   314 	   335 	   334 
  599 	     1 	     1 	     1 	   314 	   315 	   335 
  600 	     1 	     1 	     1 	   315 	   336 	   335 
  601 	     1 	     1 	     1 	   316 	   317 	   337 
  602 	     1 	     1 	     1 	   317 	   338 	   337 
  603 	     1 	     1 	     1 	   317 	   318 	   338 
  604 	     1 	     1 	     1 	   318 	   339 	   338 
  605 	     1 	     1 	     1 	   318 	   319 	   339 
  606 	     1 	     1 	     1 	   319 	   340 	   339 
  607 	     1 	     1 	     1 	   319 	   320 	   340 
  608 	     1 	     1 	     1 	   320 	   341 	   340 
  609 	     1 	     1 	     1 	   320 	   321 	   341 
  610 	     1 	     1 	     1 	   321 	   342 	   341 
  611 	     1 	     1 	     1 	   321 	   322 	   342 
  612 	     1 	     1 	     1 	   322 	   343 	   342 
  613 	     1 	     1 	     1 	   322 	   323 	   343 
  614 	     1 	     1 	     1 	   323 	   344 	   343 
  615 	     1 	     1 	     1 	   323 	   324 	   344 
  616 	     1 	     1 	     1 	   324 	   345 	   344 
  617 	     1 	     1 	     1 	   324 	   325 	   345 
  618 	     1 	     1 	     1 	   325 	   346 	   345 
  619 	     1 	     1 	     1 	   325 	   326 	   346 
  620 	     1 	     1 	     1 	   326 	   347 	   346 
  621 	     1 	     1 	     1 	   326 	   327 	   347 
  622 	     1 	     1 	     1 	   327 	   348 	   347 
  623 	     1 	     1 	     1 	   327 	   328 	   348 
  624 	     1 	     1 	     1 	   328 	   349 	   348 
  625 	     1 	     1 	     1 	   328 	   329 	   349 
  626 	     1 	     1 	     1 	   329 	   350 	   349 
  627 	     1 	     1 	     1 	   329 	   330 	   350 
  628 	     1 	     1 	     1 	   330 	   351 	   350 
  629 	     1 	     1 	     1 	   330 	   331 	   351 
  630 	     1 	     1 	     1 	   331 	   352 	   351 
  631 	     1 	     1 	     1 	   331 	   332 	   352 
  632 	     1 	     1 	     1 	   332 	   353 	   352 
  633 	     1 	     1 	     1 	   332 	   333 	   353 
  634 	     1 	     1 	     1 	   333 	   354 	   353 
  635 	     1 	     1 	     1 	   333 	   334 	   354 
  636 	     1 	     1 	     1 	   334 	   355 	   354 
  637 	     1 	     1 	     1 	   334 	   335 	   355 
  638 	     1 	     1 	     1 	   335 	   356 	   355 
  639 	     1 	     1 	     1 	   335 	   336 	   356 
  640 	     1 	     1 	     1 	   336 	   357 	   356 
  641 	     1 	     1 	     1 	   337 	   338 	   358 
  642 	     1 	     1 	     1 	   338 	   359 	   358 
  643 	     1 	     1 	     1 	   338 	   339 	   359 
  644 	     1 	     1 	     1 	   339 	   360 	   359 
  645 	     1 	     1 	     1 	   339 	   340 	   360 
  646 	     1 	     1 	     1 	   340 	   361 	   360 
  647 	     1 	     1 	     1 	   340 	   341 	   361 
  648 	     1 	     1 	     1 	   341 	   362 	   361 
  649 	     1 	     1 	     1 	   341 	   342 	   362 
  650 	     1 	     1 	     1 	   342 	   363 	   362 
  651 	     1 	     1 	     1 	   342 	   343 	   363 
  652 	     1 	     1 	     1 	   343 	   364 	   363 
  653 	     1 	     1 	     1 	   343 	   344 	   364 
  654 	     1 	     1 	     1 	   344 	   365 	   364 
  655 	     1 	     1 	     1 	   344 	   345 	   365 
  656 	     1 	     1 	     1 	   345 	   366 	   365 
  657 	     1 	     1 	     1 	   345 	   346 	   366 
  658 	     1 	     1 	     1 	   346 	   367 	   366 
  659 	     1 	     1 	     1 	   346 	   347 	   367 
  660 	     1 	     1 	     1 	   347 	   368 	   367 
  661 	     1 	     1 	     1 	   347 	   348 	   368 
  662 	     1 	     1 	     1 	   348 	   369 	   368 
  663 	     1 	     1 	     1 	   348 	   349 	   369 
  664 	     1 	     1 	     1 	   349 	   370 	   369 
  665 	     1 	     1 	     1 	   349 	   350 	   370 
  666 	     1 	     1 	     1 	   350 	   371 	   370 
  667 	     1 	     1 	     1 	   350 	   351 	   371 
  668 	     1 	     1 	     1 	   351 	   372 	   371 
  669 	     1 	     1 	     1 	   351 	   352 	   372 
  670 	     1 	     1 	     1 	   352 	   373 	   372 
  671 	     1 	     1 	     1 	   352 	   353 	   373 
  672 	     1 	     1 	     1 	   353 	   374 	   373 
  673 	     1 	     1 	     1 	   353 	   354 	   374 
  674 	     1 	     1 	     1 	   354 	   375 	   374 
  675 	     1 	     1 	     1 	   354 	   355 	   375 
  676 	     1 	     1 	     1 	   355 	   376 	   375 
  677 	     1 	     1 	     1 	   355 	   356 	   376 
  678 	     1 	     1 	     1 	   356 	   377 	   376 
  679 	     1 	     1 	     1 	   356 	   357 	   377 
  680 	     1 	     1 	     1 	   357 	   378 	   377 
  681 	     1 	     1 	     1 	   358 	   359 	   379 
  682 	     1 	     1 	     1 	   359 	   380 	   379 
  683 	     1 	     1 	     1 	   359 	   360 	   380 
  684 	     1 	     1 	     1 	   360 	   381 	   380 
  685 	     1 	     1 	     1 	   360 	   361 	   381 
  686 	     1 	     1 	     1 	   361 	   382 	   381 
  687 	     1 	     1 	     1 	   361 	   362 	   382 
  688 	     1 	     1 	     1 	   362 	   383 	   382 
  689 	     1 	     1 	     1 	   362 	   363 	   383 
  690 	     1 	     1 	     1 	   363 	   384 	   383 
  691 	     1 	     1 	     1 	   363 	   364 	   384 
  692 	     1 	     1 	     1 	   364 	   385 	   384 
  693 	     1 	     1 	     1 	   364 	   365 	   385 
  694 	     1 	     1 	     1 	   365 	   386 	   385 
  695 	     1 	     1 	     1 	   365 	   366 	   386 
  696 	     1 	     1 	     1 	   366 	   387 	   386 
  697 	     1 	     1 	     1 	   366 	   367 	   387 
  698 	     1 	     1 	     1 	   367 	   388 	   387 
  699 	     1 	     1 	     1 	   367 	   368 	   388 
  700 	     1 	     1 	     1 	   368 	   389 	   388 
  701 	     1 	     1 	     1 	   368 	   369 	   389 
  702 	     1 	     1 	     1 	   369 	   390 	   389 
  703 	     1 	     1 	     1 	   369 	   370 	   390 
  704 	     1 	     1 	     1 	   370 	   391 	   390 
  705 	     1 	     1 	     1 	   370 	   371 	   391 
  706 	     1 	     1 	     1 	   371 	   392 	   391 
  707 	     1 	     1 	     1 	   371 	   372 	   392 
  708 	     1 	     1 	     1 	   372 	   393 	   392 
  709 	     1 	     1 	     1 	   372 	   373 	   393 
  710 	     1 	     1 	     1 	   373 	   394 	   393 
  711 	     1 	     1 	     1 	   373 	   374 	   394 
  712 	     1 	     1 	     1 	   374 	   395 	   394 
  713 	     1 	     1 	     1 	   374 	   375 	   395 
  714 	     1 	     1 	     1 	   375 	   396 	   395 
  715 	     1 	     1 	     1 	   375 	   376 	   396 
  716 	     1 	     1 	     1 	   376 	   397 	   396 
  717 	     1 	     1 	     1 	   376 	   377 	   397 
  718 	     1 	     1 	     1 	   377 	   398 	   397 
  719 	     1 	     1 	     1 	   377 	   378 	   398 
  720 	     1 	     1 	     1 	   378 	   399 	   398 
  721 	     1 	     1 	     1 	   379 	   380 	   400 
  722 	     1 	     1 	     1 	   380 	   401 	   400 
  723 	     1 	     1 	     1 	   380 	   381 	   401 
  724 	     1 	     1 	     1 	   381 	   402 	   401 
  725 	     1 	     1 	     1 	   381 	   382 	   402 
  726 	     1 	     1 	     1 	   382 	   403 	   402 
  727 	     1 	     1 	     1 	   382 	   383 	   403 
  728 	     1 	     1 	     1 	   383 	   404 	   403 
  729 	     1 	     1 	     1 	   383 	   384 	   404 
  730 	     1 	     1 	     1 	   384 	   405 	   404 
  731 	     1 	     1 	     1 	   384 	   385 	   405 
  732 	     1 	     1 	     1 	   385 	   406 	   405 
  733 	     1 	     1 	     1 	   385 	   386 	   406 
  734 	     1 	     1 	     1 	   386 	   407 	   406 
  735 	     1 	     1 	     1 	   386 	   387 	   407 
  736 	     1 	     1 	     1 	   387 	   408 	   407 
  737 	     1 	     1 	     1 	   387 	   388 	   408 
  738 	     1 	     1 	     1 	   388 	   409 	   408 
  739 	     1 	     1 	     1 	   388 	   389 	   409 
  740 	     1 	     1 	     1 	   389 	   410 	   409 
  741 	     1 	     1 	     1 	   389 	   390 	   410 
  742 	     1 	     1 	     1 	   390 	   411 	   410 
  743 	     1 	     1 	     1 	   390 	   391 	   411 
  744 	     1 	     1 	     1 	   391 	   412 	   411 
  745 	     1 	     1 	     1 	   391 	   392 	   412 
  746 	     1 	     1 	     1 	   392 	   413 	   412 
  747 	     1 	     1 	     1 	   392 	   393 	   413 
  748 	     1 	     1 	     1 	   393 	   414 	   413 
  749 	     1 	     1 	     1 	   393 	   394 	   414 
  750 	     1 	     1 	     1 	   394 	   415 	   414 
  751 	     1 	     1 	     1 	   394 	   395 	   415 
  752 	     1 	     1 	     1 	   395 	   416 	   415 
  753 	     1 	     1 	     1 	   395 	   396 	   416 
  754 	     1 	     1 	     1 	   396 	   417 	   416 
  755 	     1 	     1 	     1 	   396 	   397 	   417 
  756 	     1 	     1 	     1 	   397 	   418 	   417 
  757 	     1 	     1 	     1 	   397 	   398 	   418 
  758 	     1 	     1 	     1 	   398 	   419 	   418 
  759 	     1 	     1 	     1 	   398 	   399 	   419 
  760 	     1 	     1 	     1 	   399 	   420 	   419 
  761 	     1 	     1 	     1 	   400 	   401 	   421 
  762 	     1 	     1 	     1 	   401 	   422 	   421 
  763 	     1 	     1 	     1 	   401 	   402 	   422 
  764 	     1 	     1 	     1 	   402 	   423 	   422 
  765 	     1 	     1 	     1 	   402 	   403 	   423 
  766 	     1 	     1 	     1 	   403 	   424 	   423 
  767 	     1 	     1 	     1 	   403 	   404 	   424 
  768 	     1 	     1 	     1 	   404 	   425 	   424 
  769 	     1 	     1 	     1 	   404 	   405 	   425 
  770 	     1 	     1 	     1 	   405 	   426 	   425 
  771 	     1 	     1 	     1 	   405 	   406 	   426 
  772 	     1 	     1 	     1 	   406 	   427 	   426 
  773 	     1 	     1 	     1 	   406 	   407 	   427 
  774 	     1 	     1 	     1 	   407 	   428 	   427 
  775 	     1 	     1 	     1 	   407 	   408 	   428 
  776 	     1 	     1 	     1 	   408 	   429 	   428 
  777 	     1 	     1 	     1 	   408 	   409 	   429 
  778 	     1 	     1 	     1 	   409 	   430 	   429 
  779 	     1 	     1 	     1 	   409 	   410 	   430 
  780 	     1 	     1 	     1 	   410 	   431 	   430 
  781 	     1 	     1 	     1 	   410 	   411 	   431 
  782 	     1 	     1 	     1 	   411 	   432 	   431 
  783 	     1 	     1 	     1 	   411 	   412 	   432 
  784 	     1 	     1 	     1 	   412 	   433 	   432 
  785 	     1 	     1 	     1 	   412 	   413 	   433 
  786 	     1 	     1 	     1 	   413 	   434 	   433 
  787 	     1 	     1 	     1 	   413 	   414 	   434 
  788 	     1 	     1 	     1 	   414 	   435 	   434 
  789 	     1 	     1 	     1 	   414 	   415 	   435 
  790 	     1 	     1 	     1 	   415 	   436 	   435 
  791 	     1 	     1 	     1 	   415 	   416 	   436 
  792 	     1 	     1 	     1 	   416 	   437 	   436 
  793 	     1 	     1 	     1 	   416 	   417 	   437 
  794 	     1 	     1 	     1 	   417 	   438 	   437 
  795 	     1 	     1 	     1 	   417 	   418 	   438 
  796 	     1 	     1 	     1 	   418 	   439 	   438 
  797 	     1 	     1 	     1 	   418 	   419 	   439 
  798 	     1 	     1 	     1 	   419 	   440 	   439 
  799 	     1 	     1 	     1 	   419 	   420 	   440 
  800 	     1 	     1 	     1 	   420 	   441 	   440 




prescribed boundary conditions
! node  dof  value
    1 	     1 	   0.00000000 
    2 	     1 	   0.15643447 
    3 	     1 	   0.30901699 
    4 	     1 	   0.45399050 
    5 	     1 	   0.58778525 
    6 	     1 	   0.70710678 
    7 	     1 	   0.80901699 
    8 	     1 	   0.89100652 
    9 	     1 	   0.95105652 
   10 	     1 	   0.98768834 
   11 	     1 	   1.00000000 
   12 	     1 	   0.98768834 
   13 	     1 	   0.95105652 
   14 	     1 	   0.89100652 
   15 	     1 	   0.80901699 
   16 	     1 	   0.70710678 
   17 	     1 	   0.58778525 
   18 	     1 	   0.45399050 
   19 	     1 	   0.30901699 
   20 	     1 	   0.15643447 
   21 	     1 	   0.00000000 
  421 	     1 	  -0.00000000 
  422 	     1 	  -0.00000000 
  423 	     1 	  -0.00000000 
  424 	     1 	  -0.00000000 
  425 	     1 	  -0.00000000 
  426 	     1 	  -0.00000000 
  427 	     1 	  -0.00000000 
  428 	     1 	  -0.00000000 
  429 	     1 	  -0.00000000 
  430 	     1 	  -0.00000000 
  431 	     1 	  -0.00000000 
  432 	     1 	  -0.00000000 
  433 	     1 	  -0.00000000 
  434 	     1 	  -0.00000000 
  435 	     1 	  -0.00000000 
  436 	     1 	  -0.00000000 
  437 	     1 	  -0.00000000 
  438 	     1 	  -0.00000000 
  439 	     1 	  -0.00000000 
  440 	     1 	  -0.00000000 
  441 	     1 	  -0.00000000 
   22 	     1 	   0.00000000 
   43 	     1 	   0.00000000 
   64 	     1 	   0.00000000 
   85 	     1 	   0.00000000 
  106 	     1 	   0.00000000 
  127 	     1 	   0.00000000 
  148 	     1 	   0.00000000 
  169 	     1 	   0.00000000 
  190 	     1 	   0.00000000 
  211 	     1 	   0.00000000 
  232 	     1 	   0.00000000 
  253 	     1 	   0.00000000 
  274 	     1 	   0.00000000 
  295 	     1 	   0.00000000 
  316 	     1 	   0.00000000 
  337 	     1 	   0.00000000 
  358 	     1 	   0.00000000 
  379 	     1 	   0.00000000 
  400 	     1 	   0.00000000 
   42 	     1 	   0.00000000 
   63 	     1 	   0.00000000 
   84 	     1 	   0.00000000 
  105 	     1 	   0.00000000 
  126 	     1 	   0.00000000 
  147 	     1 	   0.00000000 
  168 	     1 	   0.00000000 
  189 	     1 	   0.00000000 
  210 	     1 	   0.00000000 
  231 	     1 	   0.00000000 
  252 	     1 	   0.00000000 
  273 	     1 	   0.00000000 
  294 	     1 	   0.00000000 
  315 	     1 	   0.00000000 
  336 	     1 	   0.00000000 
  357 	     1 	   0.00000000 
  378 	     1 	   0.00000000 
  399 	     1 	   0.00000000 
  420 	     1 	   0.00000000 



element type
 1  LagrangeElem2DPoissonTria3Node  1  0  0  0  1.0  1.0  1.0  0.0



material type
! 1  NeoHookeElasticity  4.009417e5  80.19368  2

 1  smallStrainElasticity  3000, 100



control parameters
! tol     tis   tis_param
 1.0e-6    0      0.8
