 
 1 1 	0.000000E+00 	0.000000E+00 
 1 1 	0.000000E+00 	0.000000E+00 
 1 1 	0.000000E+00 	0.000000E+00 
 1 1 	0.000000E+00 	0.000000E+00 
 1 1 	0.000000E+00 	0.000000E+00 
 1 1 	0.000000E+00 	0.000000E+00 
 1 1 	0.000000E+00 	0.000000E+00 
 1 1 	0.000000E+00 	0.000000E+00 
 1 1 	0.000000E+00 
 1 1 	0.000000E+00 
 1 1 	0.000000E+00 	0.000000E+00 	0.000000E+00 	0.000000E+00 
 1 1 	0.000000E+00 	0.000000E+00 
 1 1 	0.000000E+00 
 1 1 	0.000000E+00 	0.000000E+00 	0.000000E+00 
 1 1 	0.000000E+00 
 1 1 	0.000000E+00 	0.000000E+00 	0.000000E+00 
 1 1 	0.000000E+00 	0.000000E+00 
 1 1 	0.000000E+00 	0.000000E+00 
 1 1 	0.000000E+00 	0.000000E+00 
 1 1 	0.000000E+00 	0.000000E+00 
 1 1 	0.000000E+00 	0.000000E+00 
 1 1 	0.000000E+00 	0.000000E+00 
 1 1 	0.000000E+00 	0.000000E+00 
 1 1 	0.000000E+00 
 1 1 	0.000000E+00 	0.000000E+00 	0.000000E+00