MPAP2

%===================================================================================================

BEGIN HBSPLINECUTFEM 1


dimensions
! ndf ndm
   3   2


origin
!  X0   Y0   Z0
  0.0  0.0  0.0


grid dimensions
! lx     ly    lz
  1.8   0.6    1.0


polynomial degrees
!  p   q   r
   1   1   0
!   2   2   0


number of elements
!  nx   ny   nz
   91   31   0


fluid properties
! nGP flag  axsy   rho    mu      fx    fy  fz   tauSUPG  tauPSPG  tauLSIC
   2    0    0     1.0   0.01    0.0   0.0  0.0    1.0      1.0      0.0      0.0    0.0


refinement type
! type nref
   5   1    1


mesh refinement limits
 1    0.25    1.0    -0.2   0.45
 2    0.30    0.9    -0.2   0.40
 3    1.8     2.8   -0.2   2.0


dirichlet boundary conditions
! side  dir  PEN   Flag Factor proftype  val   ll   ul
   1    1   100.0   1   -1.0       2      0.2  0.0  0.6
   1    2   100.0   1   -1.0       1      0.0  0.0  0.0
   3    1   100.0   1   -1.0       1      0.0  0.0  0.0
   3    2   100.0   1   -1.0       1      0.0  0.0  0.0
   4    1   100.0   1   -1.0       1      0.0  0.0  0.0
   4    2   100.0   1   -1.0       1      0.0  0.0  0.0


staggered or monolithic
0  1  0.05  0.0  0.0


cutfem parameters
! gp_type  nGPbound  nGPcell  refLev1   refLev2  tmp2  gammU   gammP
    1         5         3        3          0     1    0.01      0.01


immersed body data
! R/F  P/L  penalty  Nitsche  NitscheFact
   1    1     100.0       1        -1.0


immersed points 
    1 	     0.465000 	     0.000000 
    2 	     0.470000 	     0.000000 
    3 	     0.475000 	     0.000000 
    4 	     0.480000 	     0.000000 
    5 	     0.485000 	     0.000000 
    6 	     0.490000 	     0.000000 
    7 	     0.495000 	     0.000000 
    8 	     0.500000 	     0.000000 
    9 	     0.505000 	     0.000000 
   10 	     0.510000 	     0.000000 
   11 	     0.515000 	     0.000000 
   12 	     0.465000 	     0.010000 
   13 	     0.470000 	     0.010000 
   14 	     0.475000 	     0.010000 
   15 	     0.480000 	     0.010000 
   16 	     0.485000 	     0.010000 
   17 	     0.490000 	     0.010000 
   18 	     0.495000 	     0.010000 
   19 	     0.500000 	     0.010000 
   20 	     0.505000 	     0.010000 
   21 	     0.510000 	     0.010000 
   22 	     0.515000 	     0.010000 
   23 	     0.465000 	     0.020000 
   24 	     0.470000 	     0.020000 
   25 	     0.475000 	     0.020000 
   26 	     0.480000 	     0.020000 
   27 	     0.485000 	     0.020000 
   28 	     0.490000 	     0.020000 
   29 	     0.495000 	     0.020000 
   30 	     0.500000 	     0.020000 
   31 	     0.505000 	     0.020000 
   32 	     0.510000 	     0.020000 
   33 	     0.515000 	     0.020000 
   34 	     0.465000 	     0.030000 
   35 	     0.470000 	     0.030000 
   36 	     0.475000 	     0.030000 
   37 	     0.480000 	     0.030000 
   38 	     0.485000 	     0.030000 
   39 	     0.490000 	     0.030000 
   40 	     0.495000 	     0.030000 
   41 	     0.500000 	     0.030000 
   42 	     0.505000 	     0.030000 
   43 	     0.510000 	     0.030000 
   44 	     0.515000 	     0.030000 
   45 	     0.465000 	     0.040000 
   46 	     0.470000 	     0.040000 
   47 	     0.475000 	     0.040000 
   48 	     0.480000 	     0.040000 
   49 	     0.485000 	     0.040000 
   50 	     0.490000 	     0.040000 
   51 	     0.495000 	     0.040000 
   52 	     0.500000 	     0.040000 
   53 	     0.505000 	     0.040000 
   54 	     0.510000 	     0.040000 
   55 	     0.515000 	     0.040000 
   56 	     0.465000 	     0.050000 
   57 	     0.470000 	     0.050000 
   58 	     0.475000 	     0.050000 
   59 	     0.480000 	     0.050000 
   60 	     0.485000 	     0.050000 
   61 	     0.490000 	     0.050000 
   62 	     0.495000 	     0.050000 
   63 	     0.500000 	     0.050000 
   64 	     0.505000 	     0.050000 
   65 	     0.510000 	     0.050000 
   66 	     0.515000 	     0.050000 
   67 	     0.465000 	     0.060000 
   68 	     0.470000 	     0.060000 
   69 	     0.475000 	     0.060000 
   70 	     0.480000 	     0.060000 
   71 	     0.485000 	     0.060000 
   72 	     0.490000 	     0.060000 
   73 	     0.495000 	     0.060000 
   74 	     0.500000 	     0.060000 
   75 	     0.505000 	     0.060000 
   76 	     0.510000 	     0.060000 
   77 	     0.515000 	     0.060000 
   78 	     0.465000 	     0.070000 
   79 	     0.470000 	     0.070000 
   80 	     0.475000 	     0.070000 
   81 	     0.480000 	     0.070000 
   82 	     0.485000 	     0.070000 
   83 	     0.490000 	     0.070000 
   84 	     0.495000 	     0.070000 
   85 	     0.500000 	     0.070000 
   86 	     0.505000 	     0.070000 
   87 	     0.510000 	     0.070000 
   88 	     0.515000 	     0.070000 
   89 	     0.465000 	     0.080000 
   90 	     0.470000 	     0.080000 
   91 	     0.475000 	     0.080000 
   92 	     0.480000 	     0.080000 
   93 	     0.485000 	     0.080000 
   94 	     0.490000 	     0.080000 
   95 	     0.495000 	     0.080000 
   96 	     0.500000 	     0.080000 
   97 	     0.505000 	     0.080000 
   98 	     0.510000 	     0.080000 
   99 	     0.515000 	     0.080000 
  100 	     0.465000 	     0.090000 
  101 	     0.470000 	     0.090000 
  102 	     0.475000 	     0.090000 
  103 	     0.480000 	     0.090000 
  104 	     0.485000 	     0.090000 
  105 	     0.490000 	     0.090000 
  106 	     0.495000 	     0.090000 
  107 	     0.500000 	     0.090000 
  108 	     0.505000 	     0.090000 
  109 	     0.510000 	     0.090000 
  110 	     0.515000 	     0.090000 
  111 	     0.465000 	     0.100000 
  112 	     0.470000 	     0.100000 
  113 	     0.475000 	     0.100000 
  114 	     0.480000 	     0.100000 
  115 	     0.485000 	     0.100000 
  116 	     0.490000 	     0.100000 
  117 	     0.495000 	     0.100000 
  118 	     0.500000 	     0.100000 
  119 	     0.505000 	     0.100000 
  120 	     0.510000 	     0.100000 
  121 	     0.515000 	     0.100000 
  122 	     0.465000 	     0.110000 
  123 	     0.470000 	     0.110000 
  124 	     0.475000 	     0.110000 
  125 	     0.480000 	     0.110000 
  126 	     0.485000 	     0.110000 
  127 	     0.490000 	     0.110000 
  128 	     0.495000 	     0.110000 
  129 	     0.500000 	     0.110000 
  130 	     0.505000 	     0.110000 
  131 	     0.510000 	     0.110000 
  132 	     0.515000 	     0.110000 
  133 	     0.465000 	     0.120000 
  134 	     0.470000 	     0.120000 
  135 	     0.475000 	     0.120000 
  136 	     0.480000 	     0.120000 
  137 	     0.485000 	     0.120000 
  138 	     0.490000 	     0.120000 
  139 	     0.495000 	     0.120000 
  140 	     0.500000 	     0.120000 
  141 	     0.505000 	     0.120000 
  142 	     0.510000 	     0.120000 
  143 	     0.515000 	     0.120000 
  144 	     0.465000 	     0.130000 
  145 	     0.470000 	     0.130000 
  146 	     0.475000 	     0.130000 
  147 	     0.480000 	     0.130000 
  148 	     0.485000 	     0.130000 
  149 	     0.490000 	     0.130000 
  150 	     0.495000 	     0.130000 
  151 	     0.500000 	     0.130000 
  152 	     0.505000 	     0.130000 
  153 	     0.510000 	     0.130000 
  154 	     0.515000 	     0.130000 
  155 	     0.465000 	     0.140000 
  156 	     0.470000 	     0.140000 
  157 	     0.475000 	     0.140000 
  158 	     0.480000 	     0.140000 
  159 	     0.485000 	     0.140000 
  160 	     0.490000 	     0.140000 
  161 	     0.495000 	     0.140000 
  162 	     0.500000 	     0.140000 
  163 	     0.505000 	     0.140000 
  164 	     0.510000 	     0.140000 
  165 	     0.515000 	     0.140000 
  166 	     0.465000 	     0.150000 
  167 	     0.470000 	     0.150000 
  168 	     0.475000 	     0.150000 
  169 	     0.480000 	     0.150000 
  170 	     0.485000 	     0.150000 
  171 	     0.490000 	     0.150000 
  172 	     0.495000 	     0.150000 
  173 	     0.500000 	     0.150000 
  174 	     0.505000 	     0.150000 
  175 	     0.510000 	     0.150000 
  176 	     0.515000 	     0.150000 
  177 	     0.465000 	     0.160000 
  178 	     0.470000 	     0.160000 
  179 	     0.475000 	     0.160000 
  180 	     0.480000 	     0.160000 
  181 	     0.485000 	     0.160000 
  182 	     0.490000 	     0.160000 
  183 	     0.495000 	     0.160000 
  184 	     0.500000 	     0.160000 
  185 	     0.505000 	     0.160000 
  186 	     0.510000 	     0.160000 
  187 	     0.515000 	     0.160000 
  188 	     0.465000 	     0.170000 
  189 	     0.470000 	     0.170000 
  190 	     0.475000 	     0.170000 
  191 	     0.480000 	     0.170000 
  192 	     0.485000 	     0.170000 
  193 	     0.490000 	     0.170000 
  194 	     0.495000 	     0.170000 
  195 	     0.500000 	     0.170000 
  196 	     0.505000 	     0.170000 
  197 	     0.510000 	     0.170000 
  198 	     0.515000 	     0.170000 
  199 	     0.465000 	     0.180000 
  200 	     0.470000 	     0.180000 
  201 	     0.475000 	     0.180000 
  202 	     0.480000 	     0.180000 
  203 	     0.485000 	     0.180000 
  204 	     0.490000 	     0.180000 
  205 	     0.495000 	     0.180000 
  206 	     0.500000 	     0.180000 
  207 	     0.505000 	     0.180000 
  208 	     0.510000 	     0.180000 
  209 	     0.515000 	     0.180000 
  210 	     0.465000 	     0.190000 
  211 	     0.470000 	     0.190000 
  212 	     0.475000 	     0.190000 
  213 	     0.480000 	     0.190000 
  214 	     0.485000 	     0.190000 
  215 	     0.490000 	     0.190000 
  216 	     0.495000 	     0.190000 
  217 	     0.500000 	     0.190000 
  218 	     0.505000 	     0.190000 
  219 	     0.510000 	     0.190000 
  220 	     0.515000 	     0.190000 
  221 	     0.465000 	     0.200000 
  222 	     0.470000 	     0.200000 
  223 	     0.475000 	     0.200000 
  224 	     0.480000 	     0.200000 
  225 	     0.485000 	     0.200000 
  226 	     0.490000 	     0.200000 
  227 	     0.495000 	     0.200000 
  228 	     0.500000 	     0.200000 
  229 	     0.505000 	     0.200000 
  230 	     0.510000 	     0.200000 
  231 	     0.515000 	     0.200000 
  232 	     0.465000 	     0.210000 
  233 	     0.470000 	     0.210000 
  234 	     0.475000 	     0.210000 
  235 	     0.480000 	     0.210000 
  236 	     0.485000 	     0.210000 
  237 	     0.490000 	     0.210000 
  238 	     0.495000 	     0.210000 
  239 	     0.500000 	     0.210000 
  240 	     0.505000 	     0.210000 
  241 	     0.510000 	     0.210000 
  242 	     0.515000 	     0.210000 
  243 	     0.465000 	     0.220000 
  244 	     0.470000 	     0.220000 
  245 	     0.475000 	     0.220000 
  246 	     0.480000 	     0.220000 
  247 	     0.485000 	     0.220000 
  248 	     0.490000 	     0.220000 
  249 	     0.495000 	     0.220000 
  250 	     0.500000 	     0.220000 
  251 	     0.505000 	     0.220000 
  252 	     0.510000 	     0.220000 
  253 	     0.515000 	     0.220000 
  254 	     0.465000 	     0.230000 
  255 	     0.470000 	     0.230000 
  256 	     0.475000 	     0.230000 
  257 	     0.480000 	     0.230000 
  258 	     0.485000 	     0.230000 
  259 	     0.490000 	     0.230000 
  260 	     0.495000 	     0.230000 
  261 	     0.500000 	     0.230000 
  262 	     0.505000 	     0.230000 
  263 	     0.510000 	     0.230000 
  264 	     0.515000 	     0.230000 
  265 	     0.465000 	     0.240000 
  266 	     0.470000 	     0.240000 
  267 	     0.475000 	     0.240000 
  268 	     0.480000 	     0.240000 
  269 	     0.485000 	     0.240000 
  270 	     0.490000 	     0.240000 
  271 	     0.495000 	     0.240000 
  272 	     0.500000 	     0.240000 
  273 	     0.505000 	     0.240000 
  274 	     0.510000 	     0.240000 
  275 	     0.515000 	     0.240000 
  276 	     0.465000 	     0.250000 
  277 	     0.470000 	     0.250000 
  278 	     0.475000 	     0.250000 
  279 	     0.480000 	     0.250000 
  280 	     0.485000 	     0.250000 
  281 	     0.490000 	     0.250000 
  282 	     0.495000 	     0.250000 
  283 	     0.500000 	     0.250000 
  284 	     0.505000 	     0.250000 
  285 	     0.510000 	     0.250000 
  286 	     0.515000 	     0.250000 
  287 	     0.465000 	     0.260000 
  288 	     0.470000 	     0.260000 
  289 	     0.475000 	     0.260000 
  290 	     0.480000 	     0.260000 
  291 	     0.485000 	     0.260000 
  292 	     0.490000 	     0.260000 
  293 	     0.495000 	     0.260000 
  294 	     0.500000 	     0.260000 
  295 	     0.505000 	     0.260000 
  296 	     0.510000 	     0.260000 
  297 	     0.515000 	     0.260000 
  298 	     0.465000 	     0.270000 
  299 	     0.470000 	     0.270000 
  300 	     0.475000 	     0.270000 
  301 	     0.480000 	     0.270000 
  302 	     0.485000 	     0.270000 
  303 	     0.490000 	     0.270000 
  304 	     0.495000 	     0.270000 
  305 	     0.500000 	     0.270000 
  306 	     0.505000 	     0.270000 
  307 	     0.510000 	     0.270000 
  308 	     0.515000 	     0.270000 
  309 	     0.465000 	     0.280000 
  310 	     0.470000 	     0.280000 
  311 	     0.475000 	     0.280000 
  312 	     0.480000 	     0.280000 
  313 	     0.485000 	     0.280000 
  314 	     0.490000 	     0.280000 
  315 	     0.495000 	     0.280000 
  316 	     0.500000 	     0.280000 
  317 	     0.505000 	     0.280000 
  318 	     0.510000 	     0.280000 
  319 	     0.515000 	     0.280000 
  320 	     0.465000 	     0.290000 
  321 	     0.470000 	     0.290000 
  322 	     0.475000 	     0.290000 
  323 	     0.480000 	     0.290000 
  324 	     0.485000 	     0.290000 
  325 	     0.490000 	     0.290000 
  326 	     0.495000 	     0.290000 
  327 	     0.500000 	     0.290000 
  328 	     0.505000 	     0.290000 
  329 	     0.510000 	     0.290000 
  330 	     0.515000 	     0.290000 
  331 	     0.465000 	     0.300000 
  332 	     0.470000 	     0.300000 
  333 	     0.475000 	     0.300000 
  334 	     0.480000 	     0.300000 
  335 	     0.485000 	     0.300000 
  336 	     0.490000 	     0.300000 
  337 	     0.495000 	     0.300000 
  338 	     0.500000 	     0.300000 
  339 	     0.505000 	     0.300000 
  340 	     0.510000 	     0.300000 
  341 	     0.515000 	     0.300000 


immersed integration elements 
1	0	11	10
2	0	10	9
3	0	9	8
4	0	8	7
5	0	7	6
6	0	6	5
7	0	5	4
8	0	4	3
9	0	3	2
10	0	2	1
11	1	1	12
12	1	12	23
13	1	23	34
14	1	34	45
15	1	45	56
16	1	56	67
17	1	67	78
18	1	78	89
19	1	89	100
20	1	100	111
21	1	111	122
22	1	122	133
23	1	133	144
24	1	144	155
25	1	155	166
26	1	166	177
27	1	177	188
28	1	188	199
29	1	199	210
30	1	210	221
31	1	221	232
32	1	232	243
33	1	243	254
34	1	254	265
35	1	265	276
36	1	276	287
37	1	287	298
38	1	298	309
39	1	309	320
40	1	320	331
41	1	331	332
42	1	332	333
43	1	333	334
44	1	334	335
45	1	335	336
46	1	336	337
47	1	337	338
48	1	338	339
49	1	339	340
50	1	340	341
51	1	341	330
52	1	330	319
53	1	319	308
54	1	308	297
55	1	297	286
56	1	286	275
57	1	275	264
58	1	264	253
59	1	253	242
60	1	242	231
61	1	231	220
62	1	220	209
63	1	209	198
64	1	198	187
65	1	187	176
66	1	176	165
67	1	165	154
68	1	154	143
69	1	143	132
70	1	132	121
71	1	121	110
72	1	110	99
73	1	99	88
74	1	88	77
75	1	77	66
76	1	66	55
77	1	55	44
78	1	44	33
79	1	33	22
80	1	22	11


element type
 1  LagrangeElem2DBbarFbar      4  0  1  2  1.0  1.0  0.0  0.0  0.0  0.0  0.0  0.0  0.0  0.0  

! 1  LagrangeElem2DStructSolidQuad4Node    4  0  1  2  1.0  1.0  0.0   0.0  0.0   0.0  0.0   0.0



material type
! 1  smallStrainElasticity  166.6666666667  76.9230769231

 1  NeoHookeElasticity  166.6666666667  76.9230769231  2   !E=200, nu=0.3

! 1  NeoHookeElasticity  933333.334  200000.0  2

! 1  StVenantKirchhoffElasticity  100.00  150.0  !E=100, nu=0.0

! 1  StVenantKirchhoffElasticity  166.6666666667  76.9230769231   !E=200, nu=0.3




solid elements
!  id      etype   mtype    sec     n1      n2      n3      n4
    1 	     1 	     1 	     1 	     1 	     2 	    12 	    13 
    2 	     1 	     1 	     1 	     2 	     3 	    13 	    14 
    3 	     1 	     1 	     1 	     3 	     4 	    14 	    15 
    4 	     1 	     1 	     1 	     4 	     5 	    15 	    16 
    5 	     1 	     1 	     1 	     5 	     6 	    16 	    17 
    6 	     1 	     1 	     1 	     6 	     7 	    17 	    18 
    7 	     1 	     1 	     1 	     7 	     8 	    18 	    19 
    8 	     1 	     1 	     1 	     8 	     9 	    19 	    20 
    9 	     1 	     1 	     1 	     9 	    10 	    20 	    21 
   10 	     1 	     1 	     1 	    10 	    11 	    21 	    22 
   11 	     1 	     1 	     1 	    12 	    13 	    23 	    24 
   12 	     1 	     1 	     1 	    13 	    14 	    24 	    25 
   13 	     1 	     1 	     1 	    14 	    15 	    25 	    26 
   14 	     1 	     1 	     1 	    15 	    16 	    26 	    27 
   15 	     1 	     1 	     1 	    16 	    17 	    27 	    28 
   16 	     1 	     1 	     1 	    17 	    18 	    28 	    29 
   17 	     1 	     1 	     1 	    18 	    19 	    29 	    30 
   18 	     1 	     1 	     1 	    19 	    20 	    30 	    31 
   19 	     1 	     1 	     1 	    20 	    21 	    31 	    32 
   20 	     1 	     1 	     1 	    21 	    22 	    32 	    33 
   21 	     1 	     1 	     1 	    23 	    24 	    34 	    35 
   22 	     1 	     1 	     1 	    24 	    25 	    35 	    36 
   23 	     1 	     1 	     1 	    25 	    26 	    36 	    37 
   24 	     1 	     1 	     1 	    26 	    27 	    37 	    38 
   25 	     1 	     1 	     1 	    27 	    28 	    38 	    39 
   26 	     1 	     1 	     1 	    28 	    29 	    39 	    40 
   27 	     1 	     1 	     1 	    29 	    30 	    40 	    41 
   28 	     1 	     1 	     1 	    30 	    31 	    41 	    42 
   29 	     1 	     1 	     1 	    31 	    32 	    42 	    43 
   30 	     1 	     1 	     1 	    32 	    33 	    43 	    44 
   31 	     1 	     1 	     1 	    34 	    35 	    45 	    46 
   32 	     1 	     1 	     1 	    35 	    36 	    46 	    47 
   33 	     1 	     1 	     1 	    36 	    37 	    47 	    48 
   34 	     1 	     1 	     1 	    37 	    38 	    48 	    49 
   35 	     1 	     1 	     1 	    38 	    39 	    49 	    50 
   36 	     1 	     1 	     1 	    39 	    40 	    50 	    51 
   37 	     1 	     1 	     1 	    40 	    41 	    51 	    52 
   38 	     1 	     1 	     1 	    41 	    42 	    52 	    53 
   39 	     1 	     1 	     1 	    42 	    43 	    53 	    54 
   40 	     1 	     1 	     1 	    43 	    44 	    54 	    55 
   41 	     1 	     1 	     1 	    45 	    46 	    56 	    57 
   42 	     1 	     1 	     1 	    46 	    47 	    57 	    58 
   43 	     1 	     1 	     1 	    47 	    48 	    58 	    59 
   44 	     1 	     1 	     1 	    48 	    49 	    59 	    60 
   45 	     1 	     1 	     1 	    49 	    50 	    60 	    61 
   46 	     1 	     1 	     1 	    50 	    51 	    61 	    62 
   47 	     1 	     1 	     1 	    51 	    52 	    62 	    63 
   48 	     1 	     1 	     1 	    52 	    53 	    63 	    64 
   49 	     1 	     1 	     1 	    53 	    54 	    64 	    65 
   50 	     1 	     1 	     1 	    54 	    55 	    65 	    66 
   51 	     1 	     1 	     1 	    56 	    57 	    67 	    68 
   52 	     1 	     1 	     1 	    57 	    58 	    68 	    69 
   53 	     1 	     1 	     1 	    58 	    59 	    69 	    70 
   54 	     1 	     1 	     1 	    59 	    60 	    70 	    71 
   55 	     1 	     1 	     1 	    60 	    61 	    71 	    72 
   56 	     1 	     1 	     1 	    61 	    62 	    72 	    73 
   57 	     1 	     1 	     1 	    62 	    63 	    73 	    74 
   58 	     1 	     1 	     1 	    63 	    64 	    74 	    75 
   59 	     1 	     1 	     1 	    64 	    65 	    75 	    76 
   60 	     1 	     1 	     1 	    65 	    66 	    76 	    77 
   61 	     1 	     1 	     1 	    67 	    68 	    78 	    79 
   62 	     1 	     1 	     1 	    68 	    69 	    79 	    80 
   63 	     1 	     1 	     1 	    69 	    70 	    80 	    81 
   64 	     1 	     1 	     1 	    70 	    71 	    81 	    82 
   65 	     1 	     1 	     1 	    71 	    72 	    82 	    83 
   66 	     1 	     1 	     1 	    72 	    73 	    83 	    84 
   67 	     1 	     1 	     1 	    73 	    74 	    84 	    85 
   68 	     1 	     1 	     1 	    74 	    75 	    85 	    86 
   69 	     1 	     1 	     1 	    75 	    76 	    86 	    87 
   70 	     1 	     1 	     1 	    76 	    77 	    87 	    88 
   71 	     1 	     1 	     1 	    78 	    79 	    89 	    90 
   72 	     1 	     1 	     1 	    79 	    80 	    90 	    91 
   73 	     1 	     1 	     1 	    80 	    81 	    91 	    92 
   74 	     1 	     1 	     1 	    81 	    82 	    92 	    93 
   75 	     1 	     1 	     1 	    82 	    83 	    93 	    94 
   76 	     1 	     1 	     1 	    83 	    84 	    94 	    95 
   77 	     1 	     1 	     1 	    84 	    85 	    95 	    96 
   78 	     1 	     1 	     1 	    85 	    86 	    96 	    97 
   79 	     1 	     1 	     1 	    86 	    87 	    97 	    98 
   80 	     1 	     1 	     1 	    87 	    88 	    98 	    99 
   81 	     1 	     1 	     1 	    89 	    90 	   100 	   101 
   82 	     1 	     1 	     1 	    90 	    91 	   101 	   102 
   83 	     1 	     1 	     1 	    91 	    92 	   102 	   103 
   84 	     1 	     1 	     1 	    92 	    93 	   103 	   104 
   85 	     1 	     1 	     1 	    93 	    94 	   104 	   105 
   86 	     1 	     1 	     1 	    94 	    95 	   105 	   106 
   87 	     1 	     1 	     1 	    95 	    96 	   106 	   107 
   88 	     1 	     1 	     1 	    96 	    97 	   107 	   108 
   89 	     1 	     1 	     1 	    97 	    98 	   108 	   109 
   90 	     1 	     1 	     1 	    98 	    99 	   109 	   110 
   91 	     1 	     1 	     1 	   100 	   101 	   111 	   112 
   92 	     1 	     1 	     1 	   101 	   102 	   112 	   113 
   93 	     1 	     1 	     1 	   102 	   103 	   113 	   114 
   94 	     1 	     1 	     1 	   103 	   104 	   114 	   115 
   95 	     1 	     1 	     1 	   104 	   105 	   115 	   116 
   96 	     1 	     1 	     1 	   105 	   106 	   116 	   117 
   97 	     1 	     1 	     1 	   106 	   107 	   117 	   118 
   98 	     1 	     1 	     1 	   107 	   108 	   118 	   119 
   99 	     1 	     1 	     1 	   108 	   109 	   119 	   120 
  100 	     1 	     1 	     1 	   109 	   110 	   120 	   121 
  101 	     1 	     1 	     1 	   111 	   112 	   122 	   123 
  102 	     1 	     1 	     1 	   112 	   113 	   123 	   124 
  103 	     1 	     1 	     1 	   113 	   114 	   124 	   125 
  104 	     1 	     1 	     1 	   114 	   115 	   125 	   126 
  105 	     1 	     1 	     1 	   115 	   116 	   126 	   127 
  106 	     1 	     1 	     1 	   116 	   117 	   127 	   128 
  107 	     1 	     1 	     1 	   117 	   118 	   128 	   129 
  108 	     1 	     1 	     1 	   118 	   119 	   129 	   130 
  109 	     1 	     1 	     1 	   119 	   120 	   130 	   131 
  110 	     1 	     1 	     1 	   120 	   121 	   131 	   132 
  111 	     1 	     1 	     1 	   122 	   123 	   133 	   134 
  112 	     1 	     1 	     1 	   123 	   124 	   134 	   135 
  113 	     1 	     1 	     1 	   124 	   125 	   135 	   136 
  114 	     1 	     1 	     1 	   125 	   126 	   136 	   137 
  115 	     1 	     1 	     1 	   126 	   127 	   137 	   138 
  116 	     1 	     1 	     1 	   127 	   128 	   138 	   139 
  117 	     1 	     1 	     1 	   128 	   129 	   139 	   140 
  118 	     1 	     1 	     1 	   129 	   130 	   140 	   141 
  119 	     1 	     1 	     1 	   130 	   131 	   141 	   142 
  120 	     1 	     1 	     1 	   131 	   132 	   142 	   143 
  121 	     1 	     1 	     1 	   133 	   134 	   144 	   145 
  122 	     1 	     1 	     1 	   134 	   135 	   145 	   146 
  123 	     1 	     1 	     1 	   135 	   136 	   146 	   147 
  124 	     1 	     1 	     1 	   136 	   137 	   147 	   148 
  125 	     1 	     1 	     1 	   137 	   138 	   148 	   149 
  126 	     1 	     1 	     1 	   138 	   139 	   149 	   150 
  127 	     1 	     1 	     1 	   139 	   140 	   150 	   151 
  128 	     1 	     1 	     1 	   140 	   141 	   151 	   152 
  129 	     1 	     1 	     1 	   141 	   142 	   152 	   153 
  130 	     1 	     1 	     1 	   142 	   143 	   153 	   154 
  131 	     1 	     1 	     1 	   144 	   145 	   155 	   156 
  132 	     1 	     1 	     1 	   145 	   146 	   156 	   157 
  133 	     1 	     1 	     1 	   146 	   147 	   157 	   158 
  134 	     1 	     1 	     1 	   147 	   148 	   158 	   159 
  135 	     1 	     1 	     1 	   148 	   149 	   159 	   160 
  136 	     1 	     1 	     1 	   149 	   150 	   160 	   161 
  137 	     1 	     1 	     1 	   150 	   151 	   161 	   162 
  138 	     1 	     1 	     1 	   151 	   152 	   162 	   163 
  139 	     1 	     1 	     1 	   152 	   153 	   163 	   164 
  140 	     1 	     1 	     1 	   153 	   154 	   164 	   165 
  141 	     1 	     1 	     1 	   155 	   156 	   166 	   167 
  142 	     1 	     1 	     1 	   156 	   157 	   167 	   168 
  143 	     1 	     1 	     1 	   157 	   158 	   168 	   169 
  144 	     1 	     1 	     1 	   158 	   159 	   169 	   170 
  145 	     1 	     1 	     1 	   159 	   160 	   170 	   171 
  146 	     1 	     1 	     1 	   160 	   161 	   171 	   172 
  147 	     1 	     1 	     1 	   161 	   162 	   172 	   173 
  148 	     1 	     1 	     1 	   162 	   163 	   173 	   174 
  149 	     1 	     1 	     1 	   163 	   164 	   174 	   175 
  150 	     1 	     1 	     1 	   164 	   165 	   175 	   176 
  151 	     1 	     1 	     1 	   166 	   167 	   177 	   178 
  152 	     1 	     1 	     1 	   167 	   168 	   178 	   179 
  153 	     1 	     1 	     1 	   168 	   169 	   179 	   180 
  154 	     1 	     1 	     1 	   169 	   170 	   180 	   181 
  155 	     1 	     1 	     1 	   170 	   171 	   181 	   182 
  156 	     1 	     1 	     1 	   171 	   172 	   182 	   183 
  157 	     1 	     1 	     1 	   172 	   173 	   183 	   184 
  158 	     1 	     1 	     1 	   173 	   174 	   184 	   185 
  159 	     1 	     1 	     1 	   174 	   175 	   185 	   186 
  160 	     1 	     1 	     1 	   175 	   176 	   186 	   187 
  161 	     1 	     1 	     1 	   177 	   178 	   188 	   189 
  162 	     1 	     1 	     1 	   178 	   179 	   189 	   190 
  163 	     1 	     1 	     1 	   179 	   180 	   190 	   191 
  164 	     1 	     1 	     1 	   180 	   181 	   191 	   192 
  165 	     1 	     1 	     1 	   181 	   182 	   192 	   193 
  166 	     1 	     1 	     1 	   182 	   183 	   193 	   194 
  167 	     1 	     1 	     1 	   183 	   184 	   194 	   195 
  168 	     1 	     1 	     1 	   184 	   185 	   195 	   196 
  169 	     1 	     1 	     1 	   185 	   186 	   196 	   197 
  170 	     1 	     1 	     1 	   186 	   187 	   197 	   198 
  171 	     1 	     1 	     1 	   188 	   189 	   199 	   200 
  172 	     1 	     1 	     1 	   189 	   190 	   200 	   201 
  173 	     1 	     1 	     1 	   190 	   191 	   201 	   202 
  174 	     1 	     1 	     1 	   191 	   192 	   202 	   203 
  175 	     1 	     1 	     1 	   192 	   193 	   203 	   204 
  176 	     1 	     1 	     1 	   193 	   194 	   204 	   205 
  177 	     1 	     1 	     1 	   194 	   195 	   205 	   206 
  178 	     1 	     1 	     1 	   195 	   196 	   206 	   207 
  179 	     1 	     1 	     1 	   196 	   197 	   207 	   208 
  180 	     1 	     1 	     1 	   197 	   198 	   208 	   209 
  181 	     1 	     1 	     1 	   199 	   200 	   210 	   211 
  182 	     1 	     1 	     1 	   200 	   201 	   211 	   212 
  183 	     1 	     1 	     1 	   201 	   202 	   212 	   213 
  184 	     1 	     1 	     1 	   202 	   203 	   213 	   214 
  185 	     1 	     1 	     1 	   203 	   204 	   214 	   215 
  186 	     1 	     1 	     1 	   204 	   205 	   215 	   216 
  187 	     1 	     1 	     1 	   205 	   206 	   216 	   217 
  188 	     1 	     1 	     1 	   206 	   207 	   217 	   218 
  189 	     1 	     1 	     1 	   207 	   208 	   218 	   219 
  190 	     1 	     1 	     1 	   208 	   209 	   219 	   220 
  191 	     1 	     1 	     1 	   210 	   211 	   221 	   222 
  192 	     1 	     1 	     1 	   211 	   212 	   222 	   223 
  193 	     1 	     1 	     1 	   212 	   213 	   223 	   224 
  194 	     1 	     1 	     1 	   213 	   214 	   224 	   225 
  195 	     1 	     1 	     1 	   214 	   215 	   225 	   226 
  196 	     1 	     1 	     1 	   215 	   216 	   226 	   227 
  197 	     1 	     1 	     1 	   216 	   217 	   227 	   228 
  198 	     1 	     1 	     1 	   217 	   218 	   228 	   229 
  199 	     1 	     1 	     1 	   218 	   219 	   229 	   230 
  200 	     1 	     1 	     1 	   219 	   220 	   230 	   231 
  201 	     1 	     1 	     1 	   221 	   222 	   232 	   233 
  202 	     1 	     1 	     1 	   222 	   223 	   233 	   234 
  203 	     1 	     1 	     1 	   223 	   224 	   234 	   235 
  204 	     1 	     1 	     1 	   224 	   225 	   235 	   236 
  205 	     1 	     1 	     1 	   225 	   226 	   236 	   237 
  206 	     1 	     1 	     1 	   226 	   227 	   237 	   238 
  207 	     1 	     1 	     1 	   227 	   228 	   238 	   239 
  208 	     1 	     1 	     1 	   228 	   229 	   239 	   240 
  209 	     1 	     1 	     1 	   229 	   230 	   240 	   241 
  210 	     1 	     1 	     1 	   230 	   231 	   241 	   242 
  211 	     1 	     1 	     1 	   232 	   233 	   243 	   244 
  212 	     1 	     1 	     1 	   233 	   234 	   244 	   245 
  213 	     1 	     1 	     1 	   234 	   235 	   245 	   246 
  214 	     1 	     1 	     1 	   235 	   236 	   246 	   247 
  215 	     1 	     1 	     1 	   236 	   237 	   247 	   248 
  216 	     1 	     1 	     1 	   237 	   238 	   248 	   249 
  217 	     1 	     1 	     1 	   238 	   239 	   249 	   250 
  218 	     1 	     1 	     1 	   239 	   240 	   250 	   251 
  219 	     1 	     1 	     1 	   240 	   241 	   251 	   252 
  220 	     1 	     1 	     1 	   241 	   242 	   252 	   253 
  221 	     1 	     1 	     1 	   243 	   244 	   254 	   255 
  222 	     1 	     1 	     1 	   244 	   245 	   255 	   256 
  223 	     1 	     1 	     1 	   245 	   246 	   256 	   257 
  224 	     1 	     1 	     1 	   246 	   247 	   257 	   258 
  225 	     1 	     1 	     1 	   247 	   248 	   258 	   259 
  226 	     1 	     1 	     1 	   248 	   249 	   259 	   260 
  227 	     1 	     1 	     1 	   249 	   250 	   260 	   261 
  228 	     1 	     1 	     1 	   250 	   251 	   261 	   262 
  229 	     1 	     1 	     1 	   251 	   252 	   262 	   263 
  230 	     1 	     1 	     1 	   252 	   253 	   263 	   264 
  231 	     1 	     1 	     1 	   254 	   255 	   265 	   266 
  232 	     1 	     1 	     1 	   255 	   256 	   266 	   267 
  233 	     1 	     1 	     1 	   256 	   257 	   267 	   268 
  234 	     1 	     1 	     1 	   257 	   258 	   268 	   269 
  235 	     1 	     1 	     1 	   258 	   259 	   269 	   270 
  236 	     1 	     1 	     1 	   259 	   260 	   270 	   271 
  237 	     1 	     1 	     1 	   260 	   261 	   271 	   272 
  238 	     1 	     1 	     1 	   261 	   262 	   272 	   273 
  239 	     1 	     1 	     1 	   262 	   263 	   273 	   274 
  240 	     1 	     1 	     1 	   263 	   264 	   274 	   275 
  241 	     1 	     1 	     1 	   265 	   266 	   276 	   277 
  242 	     1 	     1 	     1 	   266 	   267 	   277 	   278 
  243 	     1 	     1 	     1 	   267 	   268 	   278 	   279 
  244 	     1 	     1 	     1 	   268 	   269 	   279 	   280 
  245 	     1 	     1 	     1 	   269 	   270 	   280 	   281 
  246 	     1 	     1 	     1 	   270 	   271 	   281 	   282 
  247 	     1 	     1 	     1 	   271 	   272 	   282 	   283 
  248 	     1 	     1 	     1 	   272 	   273 	   283 	   284 
  249 	     1 	     1 	     1 	   273 	   274 	   284 	   285 
  250 	     1 	     1 	     1 	   274 	   275 	   285 	   286 
  251 	     1 	     1 	     1 	   276 	   277 	   287 	   288 
  252 	     1 	     1 	     1 	   277 	   278 	   288 	   289 
  253 	     1 	     1 	     1 	   278 	   279 	   289 	   290 
  254 	     1 	     1 	     1 	   279 	   280 	   290 	   291 
  255 	     1 	     1 	     1 	   280 	   281 	   291 	   292 
  256 	     1 	     1 	     1 	   281 	   282 	   292 	   293 
  257 	     1 	     1 	     1 	   282 	   283 	   293 	   294 
  258 	     1 	     1 	     1 	   283 	   284 	   294 	   295 
  259 	     1 	     1 	     1 	   284 	   285 	   295 	   296 
  260 	     1 	     1 	     1 	   285 	   286 	   296 	   297 
  261 	     1 	     1 	     1 	   287 	   288 	   298 	   299 
  262 	     1 	     1 	     1 	   288 	   289 	   299 	   300 
  263 	     1 	     1 	     1 	   289 	   290 	   300 	   301 
  264 	     1 	     1 	     1 	   290 	   291 	   301 	   302 
  265 	     1 	     1 	     1 	   291 	   292 	   302 	   303 
  266 	     1 	     1 	     1 	   292 	   293 	   303 	   304 
  267 	     1 	     1 	     1 	   293 	   294 	   304 	   305 
  268 	     1 	     1 	     1 	   294 	   295 	   305 	   306 
  269 	     1 	     1 	     1 	   295 	   296 	   306 	   307 
  270 	     1 	     1 	     1 	   296 	   297 	   307 	   308 
  271 	     1 	     1 	     1 	   298 	   299 	   309 	   310 
  272 	     1 	     1 	     1 	   299 	   300 	   310 	   311 
  273 	     1 	     1 	     1 	   300 	   301 	   311 	   312 
  274 	     1 	     1 	     1 	   301 	   302 	   312 	   313 
  275 	     1 	     1 	     1 	   302 	   303 	   313 	   314 
  276 	     1 	     1 	     1 	   303 	   304 	   314 	   315 
  277 	     1 	     1 	     1 	   304 	   305 	   315 	   316 
  278 	     1 	     1 	     1 	   305 	   306 	   316 	   317 
  279 	     1 	     1 	     1 	   306 	   307 	   317 	   318 
  280 	     1 	     1 	     1 	   307 	   308 	   318 	   319 
  281 	     1 	     1 	     1 	   309 	   310 	   320 	   321 
  282 	     1 	     1 	     1 	   310 	   311 	   321 	   322 
  283 	     1 	     1 	     1 	   311 	   312 	   322 	   323 
  284 	     1 	     1 	     1 	   312 	   313 	   323 	   324 
  285 	     1 	     1 	     1 	   313 	   314 	   324 	   325 
  286 	     1 	     1 	     1 	   314 	   315 	   325 	   326 
  287 	     1 	     1 	     1 	   315 	   316 	   326 	   327 
  288 	     1 	     1 	     1 	   316 	   317 	   327 	   328 
  289 	     1 	     1 	     1 	   317 	   318 	   328 	   329 
  290 	     1 	     1 	     1 	   318 	   319 	   329 	   330 
  291 	     1 	     1 	     1 	   320 	   321 	   331 	   332 
  292 	     1 	     1 	     1 	   321 	   322 	   332 	   333 
  293 	     1 	     1 	     1 	   322 	   323 	   333 	   334 
  294 	     1 	     1 	     1 	   323 	   324 	   334 	   335 
  295 	     1 	     1 	     1 	   324 	   325 	   335 	   336 
  296 	     1 	     1 	     1 	   325 	   326 	   336 	   337 
  297 	     1 	     1 	     1 	   326 	   327 	   337 	   338 
  298 	     1 	     1 	     1 	   327 	   328 	   338 	   339 
  299 	     1 	     1 	     1 	   328 	   329 	   339 	   340 
  300 	     1 	     1 	     1 	   329 	   330 	   340 	   341 



immersed point boundary condition
! node      dof       value
    1 	     1 	   0.00000000 
    1 	     2 	   0.00000000 
    2 	     1 	   0.00000000 
    2 	     2 	   0.00000000 
    3 	     1 	   0.00000000 
    3 	     2 	   0.00000000 
    4 	     1 	   0.00000000 
    4 	     2 	   0.00000000 
    5 	     1 	   0.00000000 
    5 	     2 	   0.00000000 
    6 	     1 	   0.00000000 
    6 	     2 	   0.00000000 
    7 	     1 	   0.00000000 
    7 	     2 	   0.00000000 
    8 	     1 	   0.00000000 
    8 	     2 	   0.00000000 
    9 	     1 	   0.00000000 
    9 	     2 	   0.00000000 
   10 	     1 	   0.00000000 
   10 	     2 	   0.00000000 
   11 	     1 	   0.00000000 
   11 	     2 	   0.00000000 



immersed body output
! type  nodenum  dof
   1       1      1 
   1       1      2 
   3     336      1 
   3     336      2 
   4     336      1 
   4     336      2 


control parameters
! tol    tis   tis_param
 1.0e-6   4       0.0



END HBSPLINECUTFEM 1



BEGIN TIME_FUNCTIONS
!
! lam(t) = p1 + p2*t + p3*sin(p4*t+p5) + p6*cos(p7*t+p8)
!
! id  t0     t1     p1    p2    p3    p4     p5   p6    p7    p8

  1  0.0   100.0    1.0   0.0   0.0   0.0   0.0   0.0   0.0   0.0

!  1  0.0     1.0    0.0   1.0   0.0   0.0   0.0   0.0   0.0   0.0
!  1  1.0   100.0    1.0   0.0   0.0   0.0   0.0   0.0   0.0   0.0

!  1  0.0     0.1    1.0   0.0   0.0   0.0   0.0   0.0   0.0   0.0
!  1  0.0   100.0    0.0   0.0   0.0   0.0   0.0   0.0   0.0   0.0


END TIME_FUNCTIONS

%===================================================================================================



BEGIN RUN_CONTROL


BATCH
anly,solv,,28,1,8,3,1,1,1
chen,data,,28,2,2,2,1
dt,,0.02
wrnd
!wait,mous
loop,,4.99999999,2
  time
  !chen,fsi,,28,1,1,2,1
  chen,fsi,,28,1,1,1,1
  prnt
    !vtk,flow,,28,1,1,1,10,1,1,1,0,0,1
    vtk,flow,,28,1,1,1,1,1,1,1,0,0,1
    wrnd
    dt,stck
next
end



END RUN_CONTROL

