MPAP2

%===================================================================================================

BEGIN HBSPLINECUTFEM 1


dimensions
! ndf ndm
  3   2


origin
!  X0   Y0   Z0
 -15.0  -15.0  0.0


grid dimensions
! lx     ly    lz
  55.0   30.0    1.0


polynomial degrees
!  p   q   r
   1   1   0


number of elements
!  nx   ny   nz
  148   91   0


fluid properties
! nGP flag  axsy     rho      mu    fx    fy    fz    tauSUPG      tauPSPG  tauLSIC     eps     gamm
   2    0    0       1.0     0.005   0.0   0.0  0.0      1.0         1.0       0.0       0.0    0.0


refinement type
! type nref
   5    2    1


mesh refinement limits
! refinement further downstream
! 1  -5.0   20.0    -6.5    6.5
! 2  -4.0   18.0    -5.5    5.5
! 3  -3.0   17.0    -4.5    4.5
! 4  -2.0   16.0    -3.5    3.5

! localised refinement
 1  -5.0    24.0    -6.5    6.5
 2  -4.0    20.0    -5.5    5.5
 3  -3.0    8.0    -4.5    4.5
 4  -2.0    7.0    -3.5    3.5
 5  -1.5    6.0    -3.0    3.0


dirichlet boundary conditions
 1  1  1.0  1.0e2  1  -1.0
 1  2  0.0  1.0e2  1  -1.0
 3  2  0.0  1.0e2  1  -1.0
 4  2  0.0  1.0e2  1  -1.0


!derivative boundary conditions
! 2  1  0.0  1.0e2
! 2  2  0.0  1.0e2


staggered or monolithic
0  2  0.4  0.0  0.0


cutfem parameters
! gp_type  nGPbound  nGPcell  refLev1   refLev2  tmp2  gammU    gammP
    1         3         3        4         0      1     0.02    0.02




immersed body data
! R/F  P/L  penalty  Nitsche  NitscheFact
   0    0    1.0e2      1      -1.0


immersed points
1 	   0.00000000 	   0.33333333
2 	   0.01213945 	   0.33323507
3 	   0.02427707 	   0.33294018
4 	   0.03641103 	   0.33244832
5 	   0.04853948 	   0.33175889
6 	   0.06066053 	   0.33087111
7 	   0.07277228 	   0.32978390
8 	   0.08487274 	   0.32849598
9 	   0.09695989 	   0.32700580
10 	   0.10903163 	   0.32531155
11 	   0.12108576 	   0.32341115
12 	   0.13312002 	   0.32130225
13 	   0.14513198 	   0.31898221
14 	   0.15711913 	   0.31644805
15 	   0.16907879 	   0.31369650
16 	   0.18100809 	   0.31072394
17 	   0.19290401 	   0.30752636
18 	   0.20476327 	   0.30409940
19 	   0.21658236 	   0.30043826
20 	   0.22835748 	   0.29653770
21 	   0.24008451 	   0.29239200
22 	   0.25175895 	   0.28799493
23 	   0.26337590 	   0.28333971
24 	   0.27492997 	   0.27841896
25 	   0.28641520 	   0.27322464
26 	   0.29782504 	   0.26774801
27 	   0.30915217 	   0.26197959
28 	   0.32038846 	   0.25590904
29 	   0.33152479 	   0.24952516
30 	   0.34255091 	   0.24281577
31 	   0.35345525 	   0.23576767
32 	   0.36422471 	   0.22836653
33 	   0.37484437 	   0.22059687
34 	   0.38529718 	   0.21244198
35 	   0.39556358 	   0.20388391
36 	   0.40562106 	   0.19490346
37 	   0.41544362 	   0.18548027
38 	   0.42500113 	   0.17559302
39 	   0.43425859 	   0.16521969
40 	   0.44317533 	   0.15433819
41 	   0.45170413 	   0.14292714
42 	   0.45979026 	   0.13096720
43 	   0.46737068 	   0.11844296
44 	   0.47437353 	   0.10534547
45 	   0.48071822 	   0.09167574
46 	   0.48631651 	   0.07744892
47 	   0.49107522 	   0.06269902
48 	   0.49490101 	   0.04748328
49 	   0.49770725 	   0.03188513
50 	   0.49942267 	   0.01601386
51 	   0.50000000 	  -0.00000000
52 	   0.49942267 	  -0.01601386
53 	   0.49770725 	  -0.03188513
54 	   0.49490101 	  -0.04748328
55 	   0.49107522 	  -0.06269902
56 	   0.48631651 	  -0.07744892
57 	   0.48071822 	  -0.09167574
58 	   0.47437353 	  -0.10534547
59 	   0.46737068 	  -0.11844296
60 	   0.45979026 	  -0.13096720
61 	   0.45170413 	  -0.14292714
62 	   0.44317533 	  -0.15433819
63 	   0.43425859 	  -0.16521969
64 	   0.42500113 	  -0.17559302
65 	   0.41544362 	  -0.18548027
66 	   0.40562106 	  -0.19490346
67 	   0.39556358 	  -0.20388391
68 	   0.38529718 	  -0.21244198
69 	   0.37484437 	  -0.22059687
70 	   0.36422471 	  -0.22836653
71 	   0.35345525 	  -0.23576767
72 	   0.34255091 	  -0.24281577
73 	   0.33152479 	  -0.24952516
74 	   0.32038846 	  -0.25590904
75 	   0.30915217 	  -0.26197959
76 	   0.29782504 	  -0.26774801
77 	   0.28641520 	  -0.27322464
78 	   0.27492997 	  -0.27841896
79 	   0.26337590 	  -0.28333971
80 	   0.25175895 	  -0.28799493
81 	   0.24008451 	  -0.29239200
82 	   0.22835748 	  -0.29653770
83 	   0.21658236 	  -0.30043826
84 	   0.20476327 	  -0.30409940
85 	   0.19290401 	  -0.30752636
86 	   0.18100809 	  -0.31072394
87 	   0.16907879 	  -0.31369650
88 	   0.15711913 	  -0.31644805
89 	   0.14513198 	  -0.31898221
90 	   0.13312002 	  -0.32130225
91 	   0.12108576 	  -0.32341115
92 	   0.10903163 	  -0.32531155
93 	   0.09695989 	  -0.32700580
94 	   0.08487274 	  -0.32849598
95 	   0.07277228 	  -0.32978390
96 	   0.06066053 	  -0.33087111
97 	   0.04853948 	  -0.33175889
98 	   0.03641103 	  -0.33244832
99 	   0.02427707 	  -0.33294018
100 	   0.01213945 	  -0.33323507
101 	   0.00000000 	  -0.33333333
102 	  -0.01213945 	  -0.33323507
103 	  -0.02427707 	  -0.33294018
104 	  -0.03641103 	  -0.33244832
105 	  -0.04853948 	  -0.33175889
106 	  -0.06066053 	  -0.33087111
107 	  -0.07277228 	  -0.32978390
108 	  -0.08487274 	  -0.32849598
109 	  -0.09695989 	  -0.32700580
110 	  -0.10903163 	  -0.32531155
111 	  -0.12108576 	  -0.32341115
112 	  -0.13312002 	  -0.32130225
113 	  -0.14513198 	  -0.31898221
114 	  -0.15711913 	  -0.31644805
115 	  -0.16907879 	  -0.31369650
116 	  -0.18100809 	  -0.31072394
117 	  -0.19290401 	  -0.30752636
118 	  -0.20476327 	  -0.30409940
119 	  -0.21658236 	  -0.30043826
120 	  -0.22835748 	  -0.29653770
121 	  -0.24008451 	  -0.29239200
122 	  -0.25175895 	  -0.28799493
123 	  -0.26337590 	  -0.28333971
124 	  -0.27492997 	  -0.27841896
125 	  -0.28641520 	  -0.27322464
126 	  -0.29782504 	  -0.26774801
127 	  -0.30915217 	  -0.26197959
128 	  -0.32038846 	  -0.25590904
129 	  -0.33152479 	  -0.24952516
130 	  -0.34255091 	  -0.24281577
131 	  -0.35345525 	  -0.23576767
132 	  -0.36422471 	  -0.22836653
133 	  -0.37484437 	  -0.22059687
134 	  -0.38529718 	  -0.21244198
135 	  -0.39556358 	  -0.20388391
136 	  -0.40562106 	  -0.19490346
137 	  -0.41544362 	  -0.18548027
138 	  -0.42500113 	  -0.17559302
139 	  -0.43425859 	  -0.16521969
140 	  -0.44317533 	  -0.15433819
141 	  -0.45170413 	  -0.14292714
142 	  -0.45979026 	  -0.13096720
143 	  -0.46737068 	  -0.11844296
144 	  -0.47437353 	  -0.10534547
145 	  -0.48071822 	  -0.09167574
146 	  -0.48631651 	  -0.07744892
147 	  -0.49107522 	  -0.06269902
148 	  -0.49490101 	  -0.04748328
149 	  -0.49770725 	  -0.03188513
150 	  -0.49942267 	  -0.01601386
151 	  -0.50000000 	  -0.00000000
152 	  -0.49942267 	   0.01601386
153 	  -0.49770725 	   0.03188513
154 	  -0.49490101 	   0.04748328
155 	  -0.49107522 	   0.06269902
156 	  -0.48631651 	   0.07744892
157 	  -0.48071822 	   0.09167574
158 	  -0.47437353 	   0.10534547
159 	  -0.46737068 	   0.11844296
160 	  -0.45979026 	   0.13096720
161 	  -0.45170413 	   0.14292714
162 	  -0.44317533 	   0.15433819
163 	  -0.43425859 	   0.16521969
164 	  -0.42500113 	   0.17559302
165 	  -0.41544362 	   0.18548027
166 	  -0.40562106 	   0.19490346
167 	  -0.39556358 	   0.20388391
168 	  -0.38529718 	   0.21244198
169 	  -0.37484437 	   0.22059687
170 	  -0.36422471 	   0.22836653
171 	  -0.35345525 	   0.23576767
172 	  -0.34255091 	   0.24281577
173 	  -0.33152479 	   0.24952516
174 	  -0.32038846 	   0.25590904
175 	  -0.30915217 	   0.26197959
176 	  -0.29782504 	   0.26774801
177 	  -0.28641520 	   0.27322464
178 	  -0.27492997 	   0.27841896
179 	  -0.26337590 	   0.28333971
180 	  -0.25175895 	   0.28799493
181 	  -0.24008451 	   0.29239200
182 	  -0.22835748 	   0.29653770
183 	  -0.21658236 	   0.30043826
184 	  -0.20476327 	   0.30409940
185 	  -0.19290401 	   0.30752636
186 	  -0.18100809 	   0.31072394
187 	  -0.16907879 	   0.31369650
188 	  -0.15711913 	   0.31644805
189 	  -0.14513198 	   0.31898221
190 	  -0.13312002 	   0.32130225
191 	  -0.12108576 	   0.32341115
192 	  -0.10903163 	   0.32531155
193 	  -0.09695989 	   0.32700580
194 	  -0.08487274 	   0.32849598
195 	  -0.07277228 	   0.32978390
196 	  -0.06066053 	   0.33087111
197 	  -0.04853948 	   0.33175889
198 	  -0.03641103 	   0.33244832
199 	  -0.02427707 	   0.33294018
200 	  -0.01213945 	   0.33323507


immersed integration elements
1	1	1	2
2	1	2	3
3	1	3	4
4	1	4	5
5	1	5	6
6	1	6	7
7	1	7	8
8	1	8	9
9	1	9	10
10	1	10	11
11	1	11	12
12	1	12	13
13	1	13	14
14	1	14	15
15	1	15	16
16	1	16	17
17	1	17	18
18	1	18	19
19	1	19	20
20	1	20	21
21	1	21	22
22	1	22	23
23	1	23	24
24	1	24	25
25	1	25	26
26	1	26	27
27	1	27	28
28	1	28	29
29	1	29	30
30	1	30	31
31	1	31	32
32	1	32	33
33	1	33	34
34	1	34	35
35	1	35	36
36	1	36	37
37	1	37	38
38	1	38	39
39	1	39	40
40	1	40	41
41	1	41	42
42	1	42	43
43	1	43	44
44	1	44	45
45	1	45	46
46	1	46	47
47	1	47	48
48	1	48	49
49	1	49	50
50	1	50	51
51	1	51	52
52	1	52	53
53	1	53	54
54	1	54	55
55	1	55	56
56	1	56	57
57	1	57	58
58	1	58	59
59	1	59	60
60	1	60	61
61	1	61	62
62	1	62	63
63	1	63	64
64	1	64	65
65	1	65	66
66	1	66	67
67	1	67	68
68	1	68	69
69	1	69	70
70	1	70	71
71	1	71	72
72	1	72	73
73	1	73	74
74	1	74	75
75	1	75	76
76	1	76	77
77	1	77	78
78	1	78	79
79	1	79	80
80	1	80	81
81	1	81	82
82	1	82	83
83	1	83	84
84	1	84	85
85	1	85	86
86	1	86	87
87	1	87	88
88	1	88	89
89	1	89	90
90	1	90	91
91	1	91	92
92	1	92	93
93	1	93	94
94	1	94	95
95	1	95	96
96	1	96	97
97	1	97	98
98	1	98	99
99	1	99	100
100	1	100	101
101	1	101	102
102	1	102	103
103	1	103	104
104	1	104	105
105	1	105	106
106	1	106	107
107	1	107	108
108	1	108	109
109	1	109	110
110	1	110	111
111	1	111	112
112	1	112	113
113	1	113	114
114	1	114	115
115	1	115	116
116	1	116	117
117	1	117	118
118	1	118	119
119	1	119	120
120	1	120	121
121	1	121	122
122	1	122	123
123	1	123	124
124	1	124	125
125	1	125	126
126	1	126	127
127	1	127	128
128	1	128	129
129	1	129	130
130	1	130	131
131	1	131	132
132	1	132	133
133	1	133	134
134	1	134	135
135	1	135	136
136	1	136	137
137	1	137	138
138	1	138	139
139	1	139	140
140	1	140	141
141	1	141	142
142	1	142	143
143	1	143	144
144	1	144	145
145	1	145	146
146	1	146	147
147	1	147	148
148	1	148	149
149	1	149	150
150	1	150	151
151	1	151	152
152	1	152	153
153	1	153	154
154	1	154	155
155	1	155	156
156	1	156	157
157	1	157	158
158	1	158	159
159	1	159	160
160	1	160	161
161	1	161	162
162	1	162	163
163	1	163	164
164	1	164	165
165	1	165	166
166	1	166	167
167	1	167	168
168	1	168	169
169	1	169	170
170	1	170	171
171	1	171	172
172	1	172	173
173	1	173	174
174	1	174	175
175	1	175	176
176	1	176	177
177	1	177	178
178	1	178	179
179	1	179	180
180	1	180	181
181	1	181	182
182	1	182	183
183	1	183	184
184	1	184	185
185	1	185	186
186	1	186	187
187	1	187	188
188	1	188	189
189	1	189	190
190	1	190	191
191	1	191	192
192	1	192	193
193	1	193	194
194	1	194	195
195	1	195	196
196	1	196	197
197	1	197	198
198	1	198	199
199	1	199	200
200	1	200	  1


rigid body mass
!   Mxx   Mxy  Mxt  Myx   Myy   Myt  Mtx  Mty  Mtt
  2.61799387799149  0.0  0.0  0.0  2.61799387799149  0.0  0.0  0.0  0.0


rigid body damping
!   Cxx   Cxy  Cxt  Cyx    Cyy    Cyt  Ctx  Cty  Ctt
  0.261799387799149  0.0  0.0  0.0  0.261799387799149  0.0  0.0  0.0  0.0


rigid body stiffness
!   Kxx   Kxy  Kxt  Kyx    Kyy    Kyt  Ktx  Kty  Ktt
  4.13417022403998  0.0  0.0  0.0  4.13417022403998  0.0  0.0  0.0  0.0


rigid body degree of freedom
! d1   d2   d3
 -1    1   -1


rigid body prescribed motion
! f(t) = p1 + p2*t + p3*sin(p4*t+p5) + p6*cos(p7*t+p8)
! dof  t0     t1     p1    p2    p3                 p4                 p5    p6    p7    p8
  3    0.0  1000.0   0.0   0.0   1.57079632679490   1.13097335529233   0.0   0.0   0.0   0.0  




immersed body output
! type  nodenum  dof
   1       1      1 
   1       1      2 
   1       1      3 
   3       1      1 
   3       1      2 
   3       1      3
   4       1      1 
   4       1      2 
   4       1      3
   5       1      1 
   5       1      2 
   5       1      3




immersed body data
! R/F  P/L  penalty  Nitsche  NitscheFact
   0    0    1.0e2      1      -1.0


immersed points
1	3.00000000	0.33333333
2	3.01213945	0.33323507
3	3.02427707	0.33294018
4	3.03641103	0.33244832
5	3.04853948	0.33175889
6	3.06066053	0.33087111
7	3.07277228	0.32978390
8	3.08487274	0.32849598
9	3.09695989	0.32700580
10	3.10903163	0.32531155
11	3.12108576	0.32341115
12	3.13312002	0.32130225
13	3.14513198	0.31898221
14	3.15711913	0.31644805
15	3.16907879	0.31369650
16	3.18100809	0.31072394
17	3.19290401	0.30752636
18	3.20476327	0.30409940
19	3.21658236	0.30043826
20	3.22835748	0.29653770
21	3.24008451	0.29239200
22	3.25175895	0.28799493
23	3.26337590	0.28333971
24	3.27492997	0.27841896
25	3.28641520	0.27322464
26	3.29782504	0.26774801
27	3.30915217	0.26197959
28	3.32038846	0.25590904
29	3.33152479	0.24952516
30	3.34255091	0.24281577
31	3.35345525	0.23576767
32	3.36422471	0.22836653
33	3.37484437	0.22059687
34	3.38529718	0.21244198
35	3.39556358	0.20388391
36	3.40562106	0.19490346
37	3.41544362	0.18548027
38	3.42500113	0.17559302
39	3.43425859	0.16521969
40	3.44317533	0.15433819
41	3.45170413	0.14292714
42	3.45979026	0.13096720
43	3.46737068	0.11844296
44	3.47437353	0.10534547
45	3.48071822	0.09167574
46	3.48631651	0.07744892
47	3.49107522	0.06269902
48	3.49490101	0.04748328
49	3.49770725	0.03188513
50	3.49942267	0.01601386
51	3.50000000	0.00000000
52	3.49942267	-0.01601386
53	3.49770725	-0.03188513
54	3.49490101	-0.04748328
55	3.49107522	-0.06269902
56	3.48631651	-0.07744892
57	3.48071822	-0.09167574
58	3.47437353	-0.10534547
59	3.46737068	-0.11844296
60	3.45979026	-0.13096720
61	3.45170413	-0.14292714
62	3.44317533	-0.15433819
63	3.43425859	-0.16521969
64	3.42500113	-0.17559302
65	3.41544362	-0.18548027
66	3.40562106	-0.19490346
67	3.39556358	-0.20388391
68	3.38529718	-0.21244198
69	3.37484437	-0.22059687
70	3.36422471	-0.22836653
71	3.35345525	-0.23576767
72	3.34255091	-0.24281577
73	3.33152479	-0.24952516
74	3.32038846	-0.25590904
75	3.30915217	-0.26197959
76	3.29782504	-0.26774801
77	3.28641520	-0.27322464
78	3.27492997	-0.27841896
79	3.26337590	-0.28333971
80	3.25175895	-0.28799493
81	3.24008451	-0.29239200
82	3.22835748	-0.29653770
83	3.21658236	-0.30043826
84	3.20476327	-0.30409940
85	3.19290401	-0.30752636
86	3.18100809	-0.31072394
87	3.16907879	-0.31369650
88	3.15711913	-0.31644805
89	3.14513198	-0.31898221
90	3.13312002	-0.32130225
91	3.12108576	-0.32341115
92	3.10903163	-0.32531155
93	3.09695989	-0.32700580
94	3.08487274	-0.32849598
95	3.07277228	-0.32978390
96	3.06066053	-0.33087111
97	3.04853948	-0.33175889
98	3.03641103	-0.33244832
99	3.02427707	-0.33294018
100	3.01213945	-0.33323507
101	3.00000000	-0.33333333
102	2.98786055	-0.33323507
103	2.97572293	-0.33294018
104	2.96358897	-0.33244832
105	2.95146052	-0.33175889
106	2.93933947	-0.33087111
107	2.92722772	-0.32978390
108	2.91512726	-0.32849598
109	2.90304011	-0.32700580
110	2.89096837	-0.32531155
111	2.87891424	-0.32341115
112	2.86687998	-0.32130225
113	2.85486802	-0.31898221
114	2.84288087	-0.31644805
115	2.83092121	-0.31369650
116	2.81899191	-0.31072394
117	2.80709599	-0.30752636
118	2.79523673	-0.30409940
119	2.78341764	-0.30043826
120	2.77164252	-0.29653770
121	2.75991549	-0.29239200
122	2.74824105	-0.28799493
123	2.73662410	-0.28333971
124	2.72507003	-0.27841896
125	2.71358480	-0.27322464
126	2.70217496	-0.26774801
127	2.69084783	-0.26197959
128	2.67961154	-0.25590904
129	2.66847521	-0.24952516
130	2.65744909	-0.24281577
131	2.64654475	-0.23576767
132	2.63577529	-0.22836653
133	2.62515563	-0.22059687
134	2.61470282	-0.21244198
135	2.60443642	-0.20388391
136	2.59437894	-0.19490346
137	2.58455638	-0.18548027
138	2.57499887	-0.17559302
139	2.56574141	-0.16521969
140	2.55682467	-0.15433819
141	2.54829587	-0.14292714
142	2.54020974	-0.13096720
143	2.53262932	-0.11844296
144	2.52562647	-0.10534547
145	2.51928178	-0.09167574
146	2.51368349	-0.07744892
147	2.50892478	-0.06269902
148	2.50509899	-0.04748328
149	2.50229275	-0.03188513
150	2.50057733	-0.01601386
151	2.50000000	0.00000000
152	2.50057733	0.01601386
153	2.50229275	0.03188513
154	2.50509899	0.04748328
155	2.50892478	0.06269902
156	2.51368349	0.07744892
157	2.51928178	0.09167574
158	2.52562647	0.10534547
159	2.53262932	0.11844296
160	2.54020974	0.13096720
161	2.54829587	0.14292714
162	2.55682467	0.15433819
163	2.56574141	0.16521969
164	2.57499887	0.17559302
165	2.58455638	0.18548027
166	2.59437894	0.19490346
167	2.60443642	0.20388391
168	2.61470282	0.21244198
169	2.62515563	0.22059687
170	2.63577529	0.22836653
171	2.64654475	0.23576767
172	2.65744909	0.24281577
173	2.66847521	0.24952516
174	2.67961154	0.25590904
175	2.69084783	0.26197959
176	2.70217496	0.26774801
177	2.71358480	0.27322464
178	2.72507003	0.27841896
179	2.73662410	0.28333971
180	2.74824105	0.28799493
181	2.75991549	0.29239200
182	2.77164252	0.29653770
183	2.78341764	0.30043826
184	2.79523673	0.30409940
185	2.80709599	0.30752636
186	2.81899191	0.31072394
187	2.83092121	0.31369650
188	2.84288087	0.31644805
189	2.85486802	0.31898221
190	2.86687998	0.32130225
191	2.87891424	0.32341115
192	2.89096837	0.32531155
193	2.90304011	0.32700580
194	2.91512726	0.32849598
195	2.92722772	0.32978390
196	2.93933947	0.33087111
197	2.95146052	0.33175889
198	2.96358897	0.33244832
199	2.97572293	0.33294018
200	2.98786055	0.33323507



immersed integration elements
1	1	1	2
2	1	2	3
3	1	3	4
4	1	4	5
5	1	5	6
6	1	6	7
7	1	7	8
8	1	8	9
9	1	9	10
10	1	10	11
11	1	11	12
12	1	12	13
13	1	13	14
14	1	14	15
15	1	15	16
16	1	16	17
17	1	17	18
18	1	18	19
19	1	19	20
20	1	20	21
21	1	21	22
22	1	22	23
23	1	23	24
24	1	24	25
25	1	25	26
26	1	26	27
27	1	27	28
28	1	28	29
29	1	29	30
30	1	30	31
31	1	31	32
32	1	32	33
33	1	33	34
34	1	34	35
35	1	35	36
36	1	36	37
37	1	37	38
38	1	38	39
39	1	39	40
40	1	40	41
41	1	41	42
42	1	42	43
43	1	43	44
44	1	44	45
45	1	45	46
46	1	46	47
47	1	47	48
48	1	48	49
49	1	49	50
50	1	50	51
51	1	51	52
52	1	52	53
53	1	53	54
54	1	54	55
55	1	55	56
56	1	56	57
57	1	57	58
58	1	58	59
59	1	59	60
60	1	60	61
61	1	61	62
62	1	62	63
63	1	63	64
64	1	64	65
65	1	65	66
66	1	66	67
67	1	67	68
68	1	68	69
69	1	69	70
70	1	70	71
71	1	71	72
72	1	72	73
73	1	73	74
74	1	74	75
75	1	75	76
76	1	76	77
77	1	77	78
78	1	78	79
79	1	79	80
80	1	80	81
81	1	81	82
82	1	82	83
83	1	83	84
84	1	84	85
85	1	85	86
86	1	86	87
87	1	87	88
88	1	88	89
89	1	89	90
90	1	90	91
91	1	91	92
92	1	92	93
93	1	93	94
94	1	94	95
95	1	95	96
96	1	96	97
97	1	97	98
98	1	98	99
99	1	99	100
100	1	100	101
101	1	101	102
102	1	102	103
103	1	103	104
104	1	104	105
105	1	105	106
106	1	106	107
107	1	107	108
108	1	108	109
109	1	109	110
110	1	110	111
111	1	111	112
112	1	112	113
113	1	113	114
114	1	114	115
115	1	115	116
116	1	116	117
117	1	117	118
118	1	118	119
119	1	119	120
120	1	120	121
121	1	121	122
122	1	122	123
123	1	123	124
124	1	124	125
125	1	125	126
126	1	126	127
127	1	127	128
128	1	128	129
129	1	129	130
130	1	130	131
131	1	131	132
132	1	132	133
133	1	133	134
134	1	134	135
135	1	135	136
136	1	136	137
137	1	137	138
138	1	138	139
139	1	139	140
140	1	140	141
141	1	141	142
142	1	142	143
143	1	143	144
144	1	144	145
145	1	145	146
146	1	146	147
147	1	147	148
148	1	148	149
149	1	149	150
150	1	150	151
151	1	151	152
152	1	152	153
153	1	153	154
154	1	154	155
155	1	155	156
156	1	156	157
157	1	157	158
158	1	158	159
159	1	159	160
160	1	160	161
161	1	161	162
162	1	162	163
163	1	163	164
164	1	164	165
165	1	165	166
166	1	166	167
167	1	167	168
168	1	168	169
169	1	169	170
170	1	170	171
171	1	171	172
172	1	172	173
173	1	173	174
174	1	174	175
175	1	175	176
176	1	176	177
177	1	177	178
178	1	178	179
179	1	179	180
180	1	180	181
181	1	181	182
182	1	182	183
183	1	183	184
184	1	184	185
185	1	185	186
186	1	186	187
187	1	187	188
188	1	188	189
189	1	189	190
190	1	190	191
191	1	191	192
192	1	192	193
193	1	193	194
194	1	194	195
195	1	195	196
196	1	196	197
197	1	197	198
198	1	198	199
199	1	199	200
200	1	200	  1


rigid body mass
!   Mxx   Mxy  Mxt  Myx   Myy   Myt  Mtx  Mty  Mtt
  2.61799387799149  0.0  0.0  0.0  2.61799387799149  0.0  0.0  0.0  0.0


rigid body damping
!   Cxx   Cxy  Cxt  Cyx    Cyy    Cyt  Ctx  Cty  Ctt
  0.261799387799149  0.0  0.0  0.0  0.261799387799149  0.0  0.0  0.0  0.0


rigid body stiffness
!   Kxx   Kxy  Kxt  Kyx    Kyy    Kyt  Ktx  Kty  Ktt
  4.13417022403998  0.0  0.0  0.0  4.13417022403998  0.0  0.0  0.0  0.0


rigid body degree of freedom
! d1   d2   d3
 -1    1   -1


rigid body prescribed motion
! f(t) = p1 + p2*t + p3*sin(p4*t+p5) + p6*cos(p7*t+p8)
! dof  t0     t1     p1    p2    p3                 p4                 p5    p6    p7    p8
  3    0.0  1000.0   0.0   0.0   1.57079632679490   1.13097335529233   0.0   0.0   0.0   0.0  




immersed body output
! type  nodenum  dof
   1       1      1 
   1       1      2 
   1       1      3 
   3       1      1 
   3       1      2 
   3       1      3
   4       1      1 
   4       1      2 
   4       1      3
   5       1      1 
   5       1      2 
   5       1      3



control parameters
!  tol     tis   tis_param
 1.0e-6     4      0.0




END HBSPLINECUTFEM 1



BEGIN TIME_FUNCTIONS
!
! lam(t) = p1 + p2*t + p3*sin(p4*t+p5) + p6*cos(p7*t+p8)
!
! id  t0    t1      p1    p2    p3    p4    p5     p6   p7    p8

!  1  0.0  10000.0   1.0   0.0   0.0   0.0   0.0   0.0   0.0   0.0

  1  0.0      1.0   0.0   1.0   0.0   0.0   0.0   0.0   0.0   0.0
  1  1.0  10000.0   1.0   0.0   0.0   0.0   0.0   0.0   0.0   0.0



END TIME_FUNCTIONS

%===================================================================================================



BEGIN RUN_CONTROL



BATCH
anly,solv,,28,1,8,1,1,1,1
!chen,data,,28,2,2,2,1
dt,,0.01
vtk,flow,,28,1,1,1,1,1,1,1,0,0,1
wrnd
wait,mous
loop,,149.9999999999,2
  !wait,mous
  time
  updt
  anly,tang,,28,1,1
  vtk,flow,,28,1,1,1,50,1,1,1,0,0,1
  wrnd
next
end


END RUN_CONTROL




