 
 0 0 	0.000000E+00 	0.000000E+00 	0.000000E+00 
 0.08 0.031411 	5.865361E-03 	6.261466E-05 	2.143011E-07 
 0.16 0.062791 	5.319130E-03 	-2.753824E-05 	-1.131387E-07 
 0.24 0.094108 	5.963345E-03 	7.918457E-06 	-2.424520E-07 
 0.32 0.12533 	6.612283E-03 	7.835270E-06 	-3.767183E-07 
 0.4 0.15643 	7.271992E-03 	1.079435E-05 	-5.186520E-07 
 0.48 0.18738 	7.984364E-03 	1.689892E-05 	-6.621608E-07 
 0.56 0.21814 	8.782020E-03 	2.613523E-05 	-8.069082E-07 
 0.64 0.24869 	9.686249E-03 	3.884634E-05 	-9.531535E-07 
 0.72 0.27899 	1.070320E-02 	5.487088E-05 	-1.098946E-06 
 0.8 0.30902 	1.182480E-02 	7.325718E-05 	-1.239598E-06 
 0.88 0.33874 	1.303607E-02 	9.219034E-05 	-1.368941E-06 
 0.96 0.36812 	1.432614E-02 	1.090541E-04 	-1.480617E-06 
 1.04 0.39715 	1.569893E-02 	1.204797E-04 	-1.567976E-06 
 1.12 0.42578 	1.718100E-02 	1.225325E-04 	-1.622562E-06 
 1.2 0.45399 	1.881930E-02 	1.120341E-04 	-1.633824E-06 
 1.28 0.48175 	2.065569E-02 	9.011475E-05 	-1.596634E-06 
 1.36 0.50904 	2.268496E-02 	6.541271E-05 	-1.528209E-06 
 1.44 0.53583 	2.484456E-02 	4.929704E-05 	-1.470629E-06 
 1.52 0.56208 	2.705477E-02 	4.405249E-05 	-1.451293E-06 
 1.6 0.58779 	2.925969E-02 	4.118708E-05 	-1.446863E-06 
 1.68 0.61291 	3.144352E-02 	3.278343E-05 	-1.412787E-06 
 1.76 0.63742 	3.362292E-02 	1.825183E-05 	-1.332007E-06 
 1.84 0.66131 	3.581926E-02 	1.394555E-06 	-1.218964E-06 
 1.92 0.68455 	3.803879E-02 	-1.465573E-05 	-1.092549E-06 
 2 0.70711 	4.027377E-02 	-2.950861E-05 	-9.595916E-07 
 2.08 0.72897 	4.251158E-02 	-4.448071E-05 	-8.182168E-07 
 2.16 0.75011 	4.474045E-02 	-6.074454E-05 	-6.660812E-07 
 2.24 0.77051 	4.695051E-02 	-7.840636E-05 	-5.036083E-07 
 2.32 0.79016 	4.913300E-02 	-9.673827E-05 	-3.329895E-07 
 2.4 0.80902 	5.127943E-02 	-1.149235E-04 	-1.564344E-07 
 2.48 0.82708 	5.338146E-02 	-1.326113E-04 	2.466250E-08 
 2.56 0.84433 	5.543096E-02 	-1.499515E-04 	2.095751E-07 
 2.64 0.86074 	5.742019E-02 	-1.672409E-04 	3.976660E-07 
 2.72 0.87631 	5.934178E-02 	-1.845602E-04 	5.879837E-07 
 2.8 0.89101 	6.118867E-02 	-2.016913E-04 	7.793053E-07 
 2.88 0.90483 	6.295398E-02 	-2.183140E-04 	9.704533E-07 
 2.96 0.91775 	6.463098E-02 	-2.342529E-04 	1.160514E-06 
 3.04 0.92978 	6.621306E-02 	-2.495630E-04 	1.348783E-06 
 3.12 0.94088 	6.769380E-02 	-2.644188E-04 	1.534578E-06 
 3.2 0.95106 	6.906706E-02 	-2.789425E-04 	1.717183E-06 
 3.28 0.96029 	7.032708E-02 	-2.931237E-04 	1.895993E-06 
 3.36 0.96858 	7.146860E-02 	-3.068637E-04 	2.070677E-06 
 3.44 0.97592 	7.248687E-02 	-3.200671E-04 	2.241134E-06 
 3.52 0.98229 	7.337770E-02 	-3.326871E-04 	2.407207E-06 
 3.6 0.98769 	7.413742E-02 	-3.447018E-04 	2.568407E-06 
 3.68 0.99211 	7.476292E-02 	-3.560703E-04 	2.723890E-06 
 3.76 0.99556 	7.525164E-02 	-3.667194E-04 	2.872708E-06 
 3.84 0.99803 	7.560156E-02 	-3.765706E-04 	3.014128E-06 
 3.92 0.99951 	7.581121E-02 	-3.855713E-04 	3.147748E-06 
 4 1 	7.587971E-02 	-3.936985E-04 	3.273357E-06 
 4.08 0.99951 	7.580670E-02 	-4.009373E-04 	3.390731E-06 
 4.16 0.99803 	7.559240E-02 	-4.072567E-04 	3.499540E-06 
 4.24 0.99556 	7.523756E-02 	-4.126068E-04 	3.599409E-06 
 4.32 0.99211 	7.474353E-02 	-4.169336E-04 	3.690047E-06 
 4.4 0.98769 	7.411216E-02 	-4.201988E-04 	3.771331E-06 
 4.48 0.98229 	7.334589E-02 	-4.223883E-04 	3.843318E-06 
 4.56 0.97592 	7.244767E-02 	-4.235080E-04 	3.906188E-06 
 4.64 0.96858 	7.142096E-02 	-4.235750E-04 	3.960169E-06 
 4.72 0.96029 	7.026972E-02 	-4.226102E-04 	4.005482E-06 
 4.8 0.95106 	6.899839E-02 	-4.206361E-04 	4.042311E-06 
 4.88 0.94088 	6.761186E-02 	-4.176780E-04 	4.070801E-06 
 4.96 0.92978 	6.611546E-02 	-4.137642E-04 	4.091071E-06 
 5.04 0.91775 	6.451492E-02 	-4.089264E-04 	4.103223E-06 
 5.12 0.90483 	6.281636E-02 	-4.031987E-04 	4.107360E-06 
 5.2 0.89101 	6.102623E-02 	-3.966176E-04 	4.103592E-06 
 5.28 0.87631 	5.915132E-02 	-3.892221E-04 	4.092044E-06 
 5.36 0.86074 	5.719871E-02 	-3.810533E-04 	4.072853E-06 
 5.44 0.84433 	5.517572E-02 	-3.721546E-04 	4.046167E-06 
 5.52 0.82708 	5.308988E-02 	-3.625705E-04 	4.012137E-06 
 5.6 0.80902 	5.094890E-02 	-3.523461E-04 	3.970911E-06 
 5.68 0.79016 	4.876065E-02 	-3.415271E-04 	3.922635E-06 
 5.76 0.77051 	4.653305E-02 	-3.301589E-04 	3.867444E-06 
 5.84 0.75011 	4.427412E-02 	-3.182875E-04 	3.805463E-06 
 5.92 0.72897 	4.199189E-02 	-3.059592E-04 	3.736801E-06 
 6 0.70711 	3.969435E-02 	-2.932206E-04 	3.661551E-06 
 6.08 0.68455 	3.738942E-02 	-2.801189E-04 	3.579787E-06 
 6.16 0.66131 	3.508495E-02 	-2.667014E-04 	3.491556E-06 
 6.24 0.63742 	3.278860E-02 	-2.530161E-04 	3.396880E-06 
 6.32 0.61291 	3.050788E-02 	-2.391117E-04 	3.295750E-06 
 6.4 0.58779 	2.825006E-02 	-2.250377E-04 	3.188128E-06 
 6.48 0.56208 	2.602215E-02 	-2.108451E-04 	3.073939E-06 
 6.56 0.53583 	2.383090E-02 	-1.965864E-04 	2.953074E-06 
 6.64 0.50904 	2.168272E-02 	-1.823168E-04 	2.825393E-06 
 6.72 0.48175 	1.958368E-02 	-1.680940E-04 	2.690721E-06 
 6.8 0.45399 	1.753951E-02 	-1.539798E-04 	2.548854E-06 
 6.88 0.42578 	1.555553E-02 	-1.400405E-04 	2.399562E-06 
 6.96 0.39715 	1.363668E-02 	-1.263485E-04 	2.242600E-06 
 7.04 0.36812 	1.178751E-02 	-1.129841E-04 	2.077713E-06 
 7.12 0.33874 	1.001213E-02 	-1.000377E-04 	1.904646E-06 
 7.2 0.30902 	8.314293E-03 	-8.761301E-05 	1.723158E-06 
 7.28 0.27899 	6.697301E-03 	-7.583179E-05 	1.533037E-06 
 7.36 0.24869 	5.164074E-03 	-6.484047E-05 	1.334121E-06 
 7.44 0.21814 	3.717118E-03 	-5.481878E-05 	1.126322E-06 
 7.52 0.18738 	2.358513E-03 	-4.599074E-05 	9.096626E-07 
 7.6 0.15643 	1.089865E-03 	-3.863631E-05 	6.843293E-07 
 7.68 0.12533 	-8.780646E-05 	-3.310076E-05 	4.507619E-07 
 7.76 0.094108 	-1.174307E-03 	-2.979411E-05 	2.097728E-07 
 7.84 0.062791 	-2.170724E-03 	-2.916951E-05 	-3.726919E-08 
 7.92 0.031411 	-3.080235E-03 	-3.166317E-05 	-2.881707E-07 
 8 1.359e-08 	-3.909447E-03 	-3.757628E-05 	-5.394352E-07