 
 0 0 	0.000000E+00 	0.000000E+00 	0.000000E+00 
 0.08 0.031411 	5.611281E-03 	-3.301501E-05 	-2.627747E-08 
 0.16 0.062791 	5.151368E-03 	9.246232E-06 	5.763061E-08 
 0.24 0.094108 	5.751207E-03 	-6.064558E-06 	9.560267E-08 
 0.32 0.12533 	6.380206E-03 	-5.535577E-06 	1.336909E-07 
 0.4 0.15643 	7.020855E-03 	-4.953193E-06 	1.717569E-07 
 0.48 0.18738 	7.712604E-03 	-3.721613E-06 	2.069903E-07 
 0.56 0.21814 	8.487782E-03 	-9.441055E-07 	2.374982E-07 
 0.64 0.24869 	9.366001E-03 	3.866947E-06 	2.623915E-07 
 0.72 0.27899 	1.035127E-02 	1.073268E-05 	2.823704E-07 
 0.8 0.30902 	1.143394E-02 	1.900847E-05 	2.999305E-07 
 0.88 0.33874 	1.259845E-02 	2.733897E-05 	3.189916E-07 
 0.96 0.36812 	1.383356E-02 	3.372258E-05 	3.444236E-07 
 1.04 0.39715 	1.514171E-02 	3.551370E-05 	3.822722E-07 
 1.12 0.42578 	1.654549E-02 	2.951183E-05 	4.405692E-07 
 1.2 0.45399 	1.808500E-02 	1.312747E-05 	5.276860E-07 
 1.28 0.48175 	1.979456E-02 	-1.231956E-05 	6.434115E-07 
 1.36 0.50904 	2.166630E-02 	-3.865285E-05 	7.669079E-07 
 1.44 0.53583 	2.364550E-02 	-5.537141E-05 	8.630374E-07 
 1.52 0.56208 	2.566657E-02 	-6.061589E-05 	9.144007E-07 
 1.6 0.58779 	2.767807E-02 	-6.272698E-05 	9.395314E-07 
 1.68 0.61291 	2.965682E-02 	-6.963426E-05 	9.697103E-07 
 1.76 0.63742 	3.161448E-02 	-8.200145E-05 	1.017851E-06 
 1.84 0.66131 	3.357369E-02 	-9.563773E-05 	1.075895E-06 
 1.92 0.68455 	3.554288E-02 	-1.068260E-04 	1.132171E-06 
 2 0.70711 	3.751516E-02 	-1.150188E-04 	1.183032E-06 
 2.08 0.72897 	3.947857E-02 	-1.219934E-04 	1.231187E-06 
 2.16 0.75011 	4.142269E-02 	-1.296515E-04 	1.279491E-06 
 2.24 0.77051 	4.333944E-02 	-1.385994E-04 	1.328049E-06 
 2.32 0.79016 	4.522188E-02 	-1.481317E-04 	1.375172E-06 
 2.4 0.80902 	4.706340E-02 	-1.571019E-04 	1.419376E-06 
 2.48 0.82708 	4.885769E-02 	-1.648174E-04 	1.460397E-06 
 2.56 0.84433 	5.059885E-02 	-1.713474E-04 	1.498850E-06 
 2.64 0.86074 	5.228139E-02 	-1.771954E-04 	1.535310E-06 
 2.72 0.87631 	5.390009E-02 	-1.827555E-04 	1.569710E-06 
 2.8 0.89101 	5.544985E-02 	-1.880368E-04 	1.601447E-06 
 2.88 0.90483 	5.692560E-02 	-1.928065E-04 	1.629898E-06 
 2.96 0.91775 	5.832230E-02 	-1.969138E-04 	1.654808E-06 
 3.04 0.92978 	5.963501E-02 	-2.004620E-04 	1.676265E-06 
 3.12 0.94088 	6.085902E-02 	-2.037080E-04 	1.694395E-06 
 3.2 0.95106 	6.198989E-02 	-2.068369E-04 	1.709113E-06 
 3.28 0.96029 	6.302359E-02 	-2.098351E-04 	1.720107E-06 
 3.36 0.96858 	6.395649E-02 	-2.125430E-04 	1.727012E-06 
 3.44 0.97592 	6.478531E-02 	-2.147946E-04 	1.729581E-06 
 3.52 0.98229 	6.550721E-02 	-2.165096E-04 	1.727759E-06 
 3.6 0.98769 	6.611966E-02 	-2.176878E-04 	1.721631E-06 
 3.68 0.99211 	6.662053E-02 	-2.183537E-04 	1.711314E-06 
 3.76 0.99556 	6.700806E-02 	-2.185198E-04 	1.696872E-06 
 3.84 0.99803 	6.728087E-02 	-2.181906E-04 	1.678299E-06 
 3.92 0.99951 	6.743798E-02 	-2.173823E-04 	1.655556E-06 
 4 1 	6.747879E-02 	-2.161276E-04 	1.628655E-06 
 4.08 0.99951 	6.740309E-02 	-2.144624E-04 	1.597687E-06 
 4.16 0.99803 	6.721107E-02 	-2.124100E-04 	1.562821E-06 
 4.24 0.99556 	6.690332E-02 	-2.099774E-04 	1.524257E-06 
 4.32 0.99211 	6.648082E-02 	-2.071607E-04 	1.482192E-06 
 4.4 0.98769 	6.594491E-02 	-2.039534E-04 	1.436803E-06 
 4.48 0.98229 	6.529737E-02 	-2.003495E-04 	1.388246E-06 
 4.56 0.97592 	6.454029E-02 	-1.963431E-04 	1.336674E-06 
 4.64 0.96858 	6.367618E-02 	-1.919289E-04 	1.282260E-06 
 4.72 0.96029 	6.270788E-02 	-1.871048E-04 	1.225214E-06 
 4.8 0.95106 	6.163858E-02 	-1.818738E-04 	1.165777E-06 
 4.88 0.94088 	6.047184E-02 	-1.762460E-04 	1.104219E-06 
 4.96 0.92978 	5.921149E-02 	-1.702384E-04 	1.040819E-06 
 5.04 0.91775 	5.786172E-02 	-1.638731E-04 	9.758626E-07 
 5.12 0.90483 	5.642699E-02 	-1.571769E-04 	9.096289E-07 
 5.2 0.89101 	5.491203E-02 	-1.501804E-04 	8.423948E-07 
 5.28 0.87631 	5.332185E-02 	-1.429173E-04 	7.744348E-07 
 5.36 0.86074 	5.166168E-02 	-1.354244E-04 	7.060222E-07 
 5.44 0.84433 	4.993698E-02 	-1.277404E-04 	6.374310E-07 
 5.52 0.82708 	4.815342E-02 	-1.199053E-04 	5.689347E-07 
 5.6 0.80902 	4.631683E-02 	-1.119596E-04 	5.008065E-07 
 5.68 0.79016 	4.443322E-02 	-1.039444E-04 	4.333174E-07 
 5.76 0.77051 	4.250872E-02 	-9.590063E-05 	3.667344E-07 
 5.84 0.75011 	4.054957E-02 	-8.786923E-05 	3.013193E-07 
 5.92 0.72897 	3.856211E-02 	-7.989059E-05 	2.373264E-07 
 6 0.70711 	3.655273E-02 	-7.200441E-05 	1.750012E-07 
 6.08 0.68455 	3.452789E-02 	-6.424940E-05 	1.145782E-07 
 6.16 0.66131 	3.249402E-02 	-5.666307E-05 	5.627987E-08 
 6.24 0.63742 	3.045758E-02 	-4.928126E-05 	3.129934E-10 
 6.32 0.61291 	2.842498E-02 	-4.213822E-05 	-5.313132E-08 
 6.4 0.58779 	2.640258E-02 	-3.526610E-05 	-1.038815E-07 
 6.48 0.56208 	2.439662E-02 	-2.869486E-05 	-1.517875E-07 
 6.56 0.53583 	2.241329E-02 	-2.245216E-05 	-1.967236E-07 
 6.64 0.50904 	2.045858E-02 	-1.656324E-05 	-2.385918E-07 
 6.72 0.48175 	1.853838E-02 	-1.105117E-05 	-2.773249E-07 
 6.8 0.45399 	1.665835E-02 	-5.937056E-06 	-3.128908E-07 
 6.88 0.42578 	1.482397E-02 	-1.241125E-06 	-3.452950E-07 
 6.96 0.39715 	1.304048E-02 	3.016571E-06 	-3.745872E-07 
 7.04 0.36812 	1.131286E-02 	6.813811E-06 	-4.008635E-07 
 7.12 0.33874 	9.645839E-03 	1.012355E-05 	-4.242692E-07 
 7.2 0.30902 	8.043836E-03 	1.290996E-05 	-4.450017E-07 
 7.28 0.27899 	6.510968E-03 	1.512254E-05 	-4.633065E-07 
 7.36 0.24869 	5.051024E-03 	1.668849E-05 	-4.794679E-07 
 7.44 0.21814 	3.667445E-03 	1.750260E-05 	-4.937854E-07 
 7.52 0.18738 	2.363291E-03 	1.741530E-05 	-5.065321E-07 
 7.6 0.15643 	1.141187E-03 	1.622016E-05 	-5.178761E-07 
 7.68 0.12533 	3.210810E-06 	1.364489E-05 	-5.277542E-07 
 7.76 0.094108 	-1.049321E-03 	9.353850E-06 	-5.356745E-07 
 7.84 0.062791 	-2.016264E-03 	2.974819E-06 	-5.404317E-07 
 7.92 0.031411 	-2.899376E-03 	-5.831637E-06 	-5.397403E-07 
 8 1.359e-08 	-3.703535E-03 	-1.723967E-05 	-5.298423E-07