 
 0 0 	0.000000E+00 	0.000000E+00 	0.000000E+00 
 0.08 0.031411 	5.664979E-03 	5.486793E-05 	-3.297077E-08 
 0.16 0.062791 	5.169733E-03 	-3.129821E-05 	1.323307E-08 
 0.24 0.094108 	5.779729E-03 	5.535981E-06 	-3.973465E-09 
 0.32 0.12533 	6.408518E-03 	3.695992E-06 	-2.331734E-08 
 0.4 0.15643 	7.048941E-03 	5.396283E-06 	-4.856814E-08 
 0.48 0.18738 	7.740531E-03 	9.821372E-06 	-8.137250E-08 
 0.56 0.21814 	8.515597E-03 	1.698819E-05 	-1.211269E-07 
 0.64 0.24869 	9.393923E-03 	2.733105E-05 	-1.663728E-07 
 0.72 0.27899 	1.037964E-02 	4.070892E-05 	-2.143970E-07 
 0.8 0.30902 	1.146311E-02 	5.610252E-05 	-2.613238E-07 
 0.88 0.33874 	1.262870E-02 	7.161920E-05 	-3.027426E-07 
 0.96 0.36812 	1.386520E-02 	8.467325E-05 	-3.344001E-07 
 1.04 0.39715 	1.517522E-02 	9.212393E-05 	-3.523173E-07 
 1.12 0.42578 	1.658159E-02 	9.049047E-05 	-3.523283E-07 
 1.2 0.45399 	1.812468E-02 	7.720828E-05 	-3.314494E-07 
 1.28 0.48175 	1.983900E-02 	5.394722E-05 	-2.952915E-07 
 1.36 0.50904 	2.171668E-02 	2.948120E-05 	-2.678414E-07 
 1.44 0.53583 	2.370282E-02 	1.497067E-05 	-2.835403E-07 
 1.52 0.56208 	2.573171E-02 	1.278595E-05 	-3.552207E-07 
 1.6 0.58779 	2.775243E-02 	1.484171E-05 	-4.577238E-07 
 1.68 0.61291 	2.974260E-02 	1.309240E-05 	-5.547870E-07 
 1.76 0.63742 	3.171393E-02 	6.274948E-06 	-6.327392E-07 
 1.84 0.66131 	3.368874E-02 	-2.268763E-06 	-7.015142E-07 
 1.92 0.68455 	3.567542E-02 	-9.397837E-06 	-7.744491E-07 
 2 0.70711 	3.766729E-02 	-1.450671E-05 	-8.558386E-07 
 2.08 0.72897 	3.965257E-02 	-1.877863E-05 	-9.430214E-07 
 2.16 0.75011 	4.162078E-02 	-2.345048E-05 	-1.032691E-06 
 2.24 0.77051 	4.356375E-02 	-2.884835E-05 	-1.123634E-06 
 2.32 0.79016 	4.547436E-02 	-3.449159E-05 	-1.216003E-06 
 2.4 0.80902 	4.734575E-02 	-3.971401E-05 	-1.309896E-06 
 2.48 0.82708 	4.917131E-02 	-4.418281E-05 	-1.404750E-06 
 2.56 0.84433 	5.094481E-02 	-4.800086E-05 	-1.499592E-06 
 2.64 0.86074 	5.266041E-02 	-5.145791E-05 	-1.593558E-06 
 2.72 0.87631 	5.431259E-02 	-5.472984E-05 	-1.686172E-06 
 2.8 0.89101 	5.589596E-02 	-5.778393E-05 	-1.777209E-06 
 2.88 0.90483 	5.740520E-02 	-6.051424E-05 	-1.866409E-06 
 2.96 0.91775 	5.883501E-02 	-6.292729E-05 	-1.953301E-06 
 3.04 0.92978 	6.018019E-02 	-6.519416E-05 	-2.037284E-06 
 3.12 0.94088 	6.143569E-02 	-6.754151E-05 	-2.117822E-06 
 3.2 0.95106 	6.259679E-02 	-7.010311E-05 	-2.194564E-06 
 3.28 0.96029 	6.365914E-02 	-7.286165E-05 	-2.267309E-06 
 3.36 0.96858 	6.461880E-02 	-7.570390E-05 	-2.335885E-06 
 3.44 0.97592 	6.547227E-02 	-7.851457E-05 	-2.400047E-06 
 3.52 0.98229 	6.621646E-02 	-8.122738E-05 	-2.459465E-06 
 3.6 0.98769 	6.684865E-02 	-8.381694E-05 	-2.513775E-06 
 3.68 0.99211 	6.736651E-02 	-8.626989E-05 	-2.562657E-06 
 3.76 0.99556 	6.776813E-02 	-8.857415E-05 	-2.605883E-06 
 3.84 0.99803 	6.805201E-02 	-9.072806E-05 	-2.643317E-06 
 3.92 0.99951 	6.821706E-02 	-9.274759E-05 	-2.674874E-06 
 4 1 	6.826264E-02 	-9.465746E-05 	-2.700467E-06 
 4.08 0.99951 	6.818849E-02 	-9.647345E-05 	-2.719993E-06 
 4.16 0.99803 	6.799481E-02 	-9.819149E-05 	-2.733341E-06 
 4.24 0.99556 	6.768219E-02 	-9.979051E-05 	-2.740419E-06 
 4.32 0.99211 	6.725167E-02 	-1.012432E-04 	-2.741174E-06 
 4.4 0.98769 	6.670469E-02 	-1.025249E-04 	-2.735597E-06 
 4.48 0.98229 	6.604312E-02 	-1.036151E-04 	-2.723717E-06 
 4.56 0.97592 	6.526924E-02 	-1.044949E-04 	-2.705597E-06 
 4.64 0.96858 	6.438570E-02 	-1.051448E-04 	-2.681321E-06 
 4.72 0.96029 	6.339554E-02 	-1.055448E-04 	-2.650989E-06 
 4.8 0.95106 	6.230219E-02 	-1.056764E-04 	-2.614722E-06 
 4.88 0.94088 	6.110939E-02 	-1.055252E-04 	-2.572662E-06 
 4.96 0.92978 	5.982126E-02 	-1.050813E-04 	-2.524985E-06 
 5.04 0.91775 	5.844222E-02 	-1.043397E-04 	-2.471900E-06 
 5.12 0.90483 	5.697700E-02 	-1.032993E-04 	-2.413651E-06 
 5.2 0.89101 	5.543061E-02 	-1.019626E-04 	-2.350519E-06 
 5.28 0.87631 	5.380833E-02 	-1.003354E-04 	-2.282811E-06 
 5.36 0.86074 	5.211566E-02 	-9.842583E-05 	-2.210865E-06 
 5.44 0.84433 	5.035835E-02 	-9.624354E-05 	-2.135041E-06 
 5.52 0.82708 	4.854231E-02 	-9.379942E-05 	-2.055723E-06 
 5.6 0.80902 	4.667365E-02 	-9.110503E-05 	-1.973314E-06 
 5.68 0.79016 	4.475860E-02 	-8.817267E-05 	-1.888235E-06 
 5.76 0.77051 	4.280352E-02 	-8.501533E-05 	-1.800925E-06 
 5.84 0.75011 	4.081486E-02 	-8.164680E-05 	-1.711836E-06 
 5.92 0.72897 	3.879914E-02 	-7.808173E-05 	-1.621434E-06 
 6 0.70711 	3.676292E-02 	-7.433559E-05 	-1.530192E-06 
 6.08 0.68455 	3.471275E-02 	-7.042479E-05 	-1.438596E-06 
 6.16 0.66131 	3.265521E-02 	-6.636652E-05 	-1.347133E-06 
 6.24 0.63742 	3.059682E-02 	-6.217889E-05 	-1.256297E-06 
 6.32 0.61291 	2.854403E-02 	-5.788087E-05 	-1.166580E-06 
 6.4 0.58779 	2.650321E-02 	-5.349220E-05 	-1.078474E-06 
 6.48 0.56208 	2.448062E-02 	-4.903348E-05 	-9.924675E-07 
 6.56 0.53583 	2.248238E-02 	-4.452613E-05 	-9.090440E-07 
 6.64 0.50904 	2.051445E-02 	-3.999251E-05 	-8.286814E-07 
 6.72 0.48175 	1.858260E-02 	-3.545614E-05 	-7.518514E-07 
 6.8 0.45399 	1.669241E-02 	-3.094229E-05 	-6.790202E-07 
 6.88 0.42578 	1.484923E-02 	-2.647856E-05 	-6.106497E-07 
 6.96 0.39715 	1.305817E-02 	-2.209641E-05 	-5.472000E-07 
 7.04 0.36812 	1.132408E-02 	-1.783299E-05 	-4.891327E-07 
 7.12 0.33874 	9.651520E-03 	-1.373398E-05 	-4.369131E-07 
 7.2 0.30902 	8.044783E-03 	-9.858039E-06 	-3.910138E-07 
 7.28 0.27899 	6.507843E-03 	-6.282494E-06 	-3.519136E-07 
 7.36 0.24869 	5.044353E-03 	-3.111584E-06 	-3.200919E-07 
 7.44 0.21814 	3.657633E-03 	-4.868046E-07 	-2.960128E-07 
 7.52 0.18738 	2.350633E-03 	1.400391E-06 	-2.800889E-07 
 7.6 0.15643 	1.125882E-03 	2.295443E-06 	-2.726166E-07 
 7.68 0.12533 	-1.462993E-05 	1.870653E-06 	-2.736623E-07 
 7.76 0.094108 	-1.069669E-03 	-2.731343E-07 	-2.828788E-07 
 7.84 0.062791 	-2.039179E-03 	-4.581040E-06 	-2.992297E-07 
 7.92 0.031411 	-2.925034E-03 	-1.147519E-05 	-3.206060E-07 
 8 1.359e-08 	-3.732275E-03 	-2.122172E-05 	-3.433567E-07