 
 0.00000 1.00000 	0.000000E+00 	0.000000E+00 	0.000000E+00 
 0.10000 1.00000 	2.963391E-03 	-1.746271E-06 	2.018452E-11 
 0.20000 1.00000 	5.621452E-03 	6.103521E-06 	1.599183E-11 
 0.30000 1.00000 	5.227532E-03 	6.156392E-06 	1.364876E-11 
 0.40000 1.00000 	5.236729E-03 	4.317834E-06 	1.344312E-11 
 0.50000 1.00000 	5.236729E-03 	4.317834E-06 	1.344312E-11 
 0.60000 1.00000 	5.236729E-03 	4.317834E-06 	1.344312E-11 
 0.70000 1.00000 	5.236729E-03 	4.317834E-06 	1.344312E-11 
 0.80000 1.00000 	5.236729E-03 	4.317834E-06 	1.344312E-11 
 0.90000 1.00000 	5.236729E-03 	4.317834E-06 	1.344312E-11 
 1.00000 1.00000 	5.236729E-03 	4.317834E-06 	1.344312E-11